# srdc_volt_set	lockin1_X	lockin1_Y	lockin2_X	lockin2_Y
# "volt"	"X"	"Y"	"X"	"Y"
# 271
-13	-5.36445e-07	-8.94073e-07	1.12057e-05	-8.34469e-07
-12.9	-8.94073e-07	-1.96697e-06	1.26362e-05	-1.07289e-06
-12.8	-1.84775e-06	-4.7088e-06	1.50204e-05	-1.07289e-06
-12.7	-6.85456e-06	-1.79411e-05	1.78815e-05	-1.54973e-06
-12.6	-2.90872e-05	-7.40294e-05	2.25307e-05	-2.26499e-06
-12.5	-0.000211895	-0.000443639	2.76567e-05	-4.7684e-06
-12.4	-0.000270428	-0.000536148	4.0889e-05	-7.86787e-06
-12.3	-0.000544313	-0.000899378	5.53133e-05	-1.51396e-05
-12.2	-0.0010922	-0.0010922	8.02283e-05	-3.39749e-05
-12.1	-0.000649098	-0.000974838	0.000136376	-4.5419e-05
-12	-0.000729803	-0.00103045	0.000203968	-7.64136e-05
-11.9	-0.000737492	-0.000999816	0.000312449	-0.000141145
-11.8	-0.000461461	-0.000735704	0.000426175	-0.000193478
-11.7	-0.000503961	-0.000868503	0.000462057	-0.000241996
-11.6	-0.000495795	-0.000840489	0.000929717	-0.000783566
-11.5	-0.000873271	-0.0010922	0.000957612	-0.00109483
-11.4	-0.000370147	-0.000927512	0.000927094	-0.001104
-11.3	-0.000434102	-0.0010922	0.00104309	-0.00127269
-11.2	-0.00060505	-0.000978954	0.0005523	-0.000898603
-11.1	-0.000381948	-0.000633243	0.000758413	-0.00103963
-11	-0.00029576	-0.000519101	0.000573877	-0.00147332
-10.9	-0.000153781	-0.000216068	0.000708941	-0.00165821
-10.8	-0.000202836	-5.00681e-05	0.000487925	-0.00109661
-10.7	-0.000168324	-9.10168e-05	0.00049961	-0.00161947
-10.6	-9.07783e-05	7.84402e-05	-0.000130297	-0.000338318
-10.5	0.000290515	0.000758234	-0.000223757	-0.000688914
-10.4	0.000219763	0.0006187	0.000291707	-0.00114859
-10.3	0.000481131	0.00100894	0.00010252	-0.000755314
-10.2	0.000383081	0.000939492	0.000416758	-0.000937942
-10.1	1.24574e-05	0.000554267	0.000494245	-0.000589136
-10	5.82936e-05	0.000463666	0.000188828	-0.000345113
-9.9	-9.10764e-05	0.000413777	0.000361206	-0.000303509
-9.8	-5.44789e-05	0.000135423	0.000245573	-0.000114799
-9.7	-4.63726e-05	8.18376e-05	0.000233413	-8.32085e-05
-9.6	-1.79411e-05	3.33788e-05	0.000255229	-8.08244e-05
-9.5	-1.28747e-05	2.69414e-05	0.000245454	-7.33142e-05
-9.4	-1.10865e-05	2.25903e-05	0.00028372	-8.18972e-05
-9.3	-1.00136e-05	1.93716e-05	0.000319364	-9.03611e-05
-9.2	-7.98708e-06	2.03849e-05	0.000309231	-8.23741e-05
-9.1	-7.92748e-06	1.83583e-05	0.000305535	-8.01091e-05
-9	-7.62945e-06	1.8418e-05	0.000293138	-7.27181e-05
-8.9	-1.06693e-05	1.98485e-05	0.000296833	-7.093e-05
-8.8	-9.83482e-06	1.77623e-05	0.000251891	-5.47173e-05
-8.7	-9.83482e-06	1.73451e-05	0.000243903	-5.16179e-05
-8.6	-6.73535e-06	1.35303e-05	0.000211478	-4.17235e-05
-8.5	-4.17235e-06	1.12653e-05	0.000197769	-3.70743e-05
-8.4	-1.78815e-06	9.35799e-06	0.00017798	-3.15907e-05
-8.3	-2.08618e-06	1.01328e-05	0.000168205	-2.8968e-05
-8.2	-2.02657e-06	8.88115e-06	0.000163198	-2.7299e-05
-8.1	-8.94073e-07	7.51021e-06	0.000133038	-2.07425e-05
-8	-6.55655e-07	6.85456e-06	0.000121952	-1.84776e-05
-7.9	-2.98025e-07	6.31812e-06	0.000112415	-1.65702e-05
-7.8	-1.78815e-07	6.31812e-06	0.000103832	-1.4782e-05
-7.7	-2.3842e-07	5.72208e-06	9.70368e-05	-1.33515e-05
-7.6	5.96051e-08	5.72208e-06	9.21492e-05	-1.23978e-05
-7.5	0	5.78168e-06	8.36854e-05	-1.08481e-05
-7.4	0	5.84128e-06	7.85594e-05	-9.89443e-06
-7.3	2.98025e-07	5.48366e-06	7.6652e-05	-9.5368e-06
-7.2	2.98025e-07	5.36445e-06	7.73673e-05	-9.5368e-06
-7.1	3.5763e-07	5.36445e-06	7.67712e-05	-9.5368e-06
-7	2.3842e-07	5.36445e-06	7.30758e-05	-8.94075e-06
-6.9	2.98025e-07	5.42405e-06	6.73537e-05	-7.86787e-06
-6.8	5.9605e-07	5.36445e-06	6.25853e-05	-7.15259e-06
-6.7	7.74864e-07	5.42405e-06	5.76975e-05	-6.55654e-06
-6.6	1.01329e-06	5.48366e-06	5.32868e-05	-5.96049e-06
-6.5	9.53682e-07	5.42405e-06	5.00681e-05	-5.48366e-06
-6.4	1.1325e-06	5.60287e-06	4.73263e-05	-5.00682e-06
-6.3	1.2517e-06	5.72208e-06	4.50613e-05	-4.7684e-06
-6.2	1.1325e-06	5.48366e-06	4.35116e-05	-4.52998e-06
-6.1	1.2517e-06	5.48366e-06	4.20811e-05	-4.29156e-06
-6	9.53682e-07	5.24524e-06	4.11274e-05	-4.17235e-06
-5.9	9.53682e-07	5.06642e-06	3.98161e-05	-3.93394e-06
-5.8	8.34469e-07	5.12603e-06	3.89817e-05	-3.93394e-06
-5.7	1.01329e-06	4.47038e-06	3.8028e-05	-3.81473e-06
-5.6	7.15259e-07	4.29156e-06	3.73127e-05	-3.6955e-06
-5.5	6.55655e-07	4.05314e-06	3.67167e-05	-3.57629e-06
-5.4	4.76841e-07	3.93394e-06	3.62399e-05	-3.45708e-06
-5.3	1.1921e-07	3.6955e-06	3.61206e-05	-3.57629e-06
-5.2	0	3.75511e-06	3.62399e-05	-3.57629e-06
-5.1	1.1921e-07	3.45708e-06	3.67167e-05	-3.57629e-06
-5	1.78815e-07	3.15906e-06	3.71935e-05	-3.6955e-06
-4.9	1.1921e-07	2.92064e-06	3.76704e-05	-3.6955e-06
-4.8	1.1921e-07	2.3842e-06	3.8028e-05	-3.81473e-06
-4.7	-1.78815e-07	2.56301e-06	3.8028e-05	-3.81473e-06
-4.6	-1.78815e-07	1.96697e-06	3.71935e-05	-3.81473e-06
-4.5	-4.17234e-07	1.84775e-06	3.65975e-05	-3.6955e-06
-4.4	-4.76841e-07	1.54973e-06	3.54054e-05	-3.57629e-06
-4.3	-4.76841e-07	1.31131e-06	3.42133e-05	-3.33787e-06
-4.2	-3.5763e-07	1.2517e-06	3.2902e-05	-3.21867e-06
-4.1	-2.3842e-07	1.2517e-06	3.18291e-05	-3.09946e-06
-4	-1.78815e-07	1.31131e-06	3.11139e-05	-2.98025e-06
-3.9	-1.1921e-07	1.1921e-06	3.01601e-05	-2.86104e-06
-3.8	-3.5763e-07	1.2517e-06	2.93256e-05	-2.74183e-06
-3.7	-2.98025e-07	1.1325e-06	2.86103e-05	-2.74183e-06
-3.6	-4.76841e-07	1.01329e-06	2.80143e-05	-2.62262e-06
-3.5	-4.76841e-07	1.1325e-06	2.74183e-05	-2.62262e-06
-3.4	-5.36445e-07	8.94073e-07	2.74183e-05	-2.74183e-06
-3.3	-6.55655e-07	7.15259e-07	2.71798e-05	-2.62262e-06
-3.2	-5.36445e-07	5.9605e-07	2.70606e-05	-2.62262e-06
-3.1	-6.55655e-07	2.98025e-07	2.71798e-05	-2.62262e-06
-3	-8.34469e-07	1.1921e-07	2.76567e-05	-2.62262e-06
-2.9	-8.94073e-07	-2.3842e-07	2.78951e-05	-2.62262e-06
-2.8	-9.53682e-07	-2.98025e-07	2.82527e-05	-2.62262e-06
-2.7	-1.37091e-06	1.1921e-07	2.88488e-05	-2.74183e-06
-2.6	-1.78815e-06	6.55655e-07	2.96832e-05	-2.86104e-06
-2.5	-1.54973e-06	1.1921e-07	3.0637e-05	-2.98025e-06
-2.4	-1.31131e-06	4.76841e-07	3.20675e-05	-3.09946e-06
-2.3	-2.3246e-06	5.9605e-07	3.26636e-05	-3.09946e-06
-2.2	-1.96697e-06	4.17234e-07	3.26636e-05	-3.09946e-06
-2.1	-2.08618e-06	5.9605e-07	3.2306e-05	-3.09946e-06
-2	-1.96697e-06	5.9605e-07	3.2306e-05	-3.09946e-06
-1.9	-1.84775e-06	5.96051e-08	3.24252e-05	-3.09946e-06
-1.8	-1.66894e-06	5.96051e-08	3.30212e-05	-3.21867e-06
-1.7	-1.66894e-06	3.5763e-07	3.36173e-05	-3.33787e-06
-1.6	-1.54973e-06	2.3842e-07	3.45709e-05	-3.45708e-06
-1.5	-1.37091e-06	1.1921e-07	3.56438e-05	-3.57629e-06
-1.4	-1.49012e-06	2.98025e-07	3.73127e-05	-3.6955e-06
-1.3	-1.37091e-06	5.96051e-08	3.8624e-05	-3.93394e-06
-1.2	-1.37091e-06	-2.3842e-07	4.0293e-05	-4.17235e-06
-1.1	-1.60933e-06	-3.5763e-07	4.18427e-05	-4.29156e-06
-1	-1.2517e-06	-5.36445e-07	4.36308e-05	-4.7684e-06
-0.899999999999999	-1.1921e-06	-4.76841e-07	4.6015e-05	-5.00682e-06
-0.799999999999999	-1.1325e-06	-2.98025e-07	4.89953e-05	-5.60287e-06
-0.699999999999999	-1.2517e-06	5.96051e-08	5.18563e-05	-5.96049e-06
-0.6	-1.66894e-06	4.17234e-07	5.54326e-05	-6.55654e-06
-0.5	-2.02657e-06	1.2517e-06	6.05586e-05	-7.39101e-06
-0.399999999999999	-1.84775e-06	1.2517e-06	6.98571e-05	-9.17917e-06
-0.299999999999999	-1.66894e-06	2.62262e-06	8.65464e-05	-1.22786e-05
-0.199999999999999	-8.34469e-07	6.55654e-06	0.000117422	-1.91928e-05
-0.0999999999999996	5.90089e-06	2.65242e-05	0.000172616	-3.62399e-05
0	-9.29838e-06	1.77623e-05	0.00027311	-8.20165e-05
0.100000000000001	-3.15907e-05	2.20538e-05	0.000415565	-0.000169397
0.200000000000001	5.03066e-05	0.0001418	0.000360729	-0.000151635
0.300000000000001	2.60473e-05	8.23145e-05	0.000354173	-0.00014031
0.4	2.80143e-06	1.508e-05	0.000257136	-0.000130177
0.5	4.17234e-07	6.73535e-06	0.00017357	-0.000126124
0.600000000000001	-1.01925e-05	9.4772e-06	0.000146748	-6.27046e-05
0.700000000000001	-6.0201e-06	7.51021e-06	0.000124217	-3.19483e-05
0.800000000000001	-3.81473e-06	5.78168e-06	9.31029e-05	-2.05041e-05
0.9	-2.92064e-06	5.66247e-06	7.74865e-05	-1.28747e-05
1	-1.96697e-06	4.52998e-06	6.75921e-05	-8.10629e-06
1.1	-1.49012e-06	3.39748e-06	6.05586e-05	-7.03338e-06
1.2	-1.66894e-06	2.68222e-06	5.42405e-05	-5.84128e-06
1.3	-1.90736e-06	2.08618e-06	4.95913e-05	-5.36445e-06
1.4	-1.84775e-06	1.1921e-06	4.57766e-05	-4.88761e-06
1.5	-2.08618e-06	1.66894e-06	4.375e-05	-4.41077e-06
1.6	-1.72854e-06	2.3842e-06	4.12466e-05	-4.29156e-06
1.7	-2.14578e-06	3.21867e-06	3.95777e-05	-4.05314e-06
1.8	-1.78815e-06	2.26499e-06	3.81472e-05	-3.81473e-06
1.9	-1.37091e-06	1.72854e-06	3.67167e-05	-3.57629e-06
2	-1.31131e-06	1.43052e-06	3.52862e-05	-3.33787e-06
2.1	-1.1921e-06	1.1921e-06	3.40941e-05	-3.21867e-06
2.2	-1.01329e-06	1.43052e-06	3.2902e-05	-3.21867e-06
2.3	-7.74864e-07	1.54973e-06	3.18291e-05	-3.21867e-06
2.4	-7.74864e-07	1.72854e-06	3.09946e-05	-2.86104e-06
2.5	-8.34469e-07	1.84775e-06	2.94448e-05	-2.86104e-06
2.6	-8.34469e-07	1.90736e-06	2.77759e-05	-2.74183e-06
2.7	-4.17234e-07	2.02657e-06	2.62262e-05	-2.50341e-06
2.8	-5.36445e-07	2.14578e-06	2.45572e-05	-2.26499e-06
2.9	-1.07289e-06	1.96697e-06	2.34843e-05	-2.3842e-06
3	-1.54973e-06	2.68222e-06	2.22923e-05	-2.02657e-06
3.1	-6.55655e-07	1.78815e-06	2.14578e-05	-2.02657e-06
3.2	1.78815e-07	3.09946e-06	2.08617e-05	-1.90736e-06
3.3	-4.76841e-07	1.96697e-06	2.01465e-05	-1.78815e-06
3.4	-7.74864e-07	2.02657e-06	1.95504e-05	-1.66894e-06
3.5	-6.55655e-07	2.62262e-06	1.91928e-05	-1.66894e-06
3.6	-8.34469e-07	2.86104e-06	1.8716e-05	-1.54973e-06
3.7	-8.34469e-07	2.56301e-06	1.85968e-05	-1.54973e-06
3.8	-1.1921e-07	3.51669e-06	1.83583e-05	-1.54973e-06
3.9	-9.53682e-07	2.74183e-06	1.82391e-05	-1.54973e-06
4	-1.1921e-06	2.62262e-06	1.81199e-05	-1.66894e-06
4.1	-1.07289e-06	2.68222e-06	1.81199e-05	-1.54973e-06
4.2	-6.55655e-07	2.62262e-06	1.81199e-05	-1.66894e-06
4.3	-2.3842e-07	3.09946e-06	1.82391e-05	-1.54973e-06
4.4	-2.3842e-07	3.21867e-06	1.85968e-05	-1.66894e-06
4.5	1.1921e-07	3.09946e-06	1.91928e-05	-1.66894e-06
4.6	0	3.09946e-06	1.99081e-05	-1.78815e-06
4.7	1.1921e-07	3.09946e-06	2.0981e-05	-1.90736e-06
4.8	1.1921e-07	3.09946e-06	2.14578e-05	-2.02657e-06
4.9	-1.1921e-07	3.51669e-06	2.06233e-05	-1.90736e-06
5	0	3.33787e-06	1.94312e-05	-1.66894e-06
5.1	1.1921e-07	3.57629e-06	1.82391e-05	-1.66894e-06
5.2	-1.1921e-07	3.15906e-06	1.72855e-05	-1.54973e-06
5.3	0	3.57629e-06	1.65702e-05	-1.54973e-06
5.4	-1.1921e-07	3.75511e-06	1.59742e-05	-1.43052e-06
5.5	5.96051e-08	3.99354e-06	1.57357e-05	-1.43052e-06
5.6	2.98025e-07	4.05314e-06	1.54973e-05	-1.43052e-06
5.7	-3.5763e-07	4.41077e-06	1.54973e-05	-1.31131e-06
5.8	1.1921e-07	4.58959e-06	1.54973e-05	-1.43052e-06
5.9	5.36445e-07	4.52998e-06	1.56165e-05	-1.43052e-06
6	2.98025e-07	4.23196e-06	1.56165e-05	-1.43052e-06
6.1	6.55655e-07	4.41077e-06	1.5855e-05	-1.43052e-06
6.2	7.74864e-07	4.35117e-06	1.60934e-05	-1.43052e-06
6.3	2.98025e-07	4.7684e-06	1.6451e-05	-1.43052e-06
6.4	-5.96051e-08	5.12603e-06	1.68086e-05	-1.43052e-06
6.5	2.98025e-07	4.64919e-06	1.72855e-05	-1.54973e-06
6.6	2.98025e-07	4.23196e-06	1.77623e-05	-1.54973e-06
6.7	6.55655e-07	4.05314e-06	1.85968e-05	-1.66894e-06
6.8	5.9605e-07	4.35117e-06	1.96696e-05	-1.78815e-06
6.9	-1.1921e-07	4.7088e-06	2.11002e-05	-1.90736e-06
7	-7.15259e-07	4.35117e-06	2.33651e-05	-2.14578e-06
7.1	-1.1921e-07	4.94721e-06	2.83719e-05	-2.62262e-06
7.2	-7.15259e-07	4.88761e-06	3.33788e-05	-3.21867e-06
7.3	-7.74864e-07	5.48366e-06	3.69551e-05	-3.57629e-06
7.4	-1.78815e-07	4.82801e-06	3.83856e-05	-3.81473e-06
7.5	-1.78815e-07	4.82801e-06	3.79088e-05	-3.6955e-06
7.6	0	4.52998e-06	3.58822e-05	-3.57629e-06
7.7	-1.1921e-07	4.64919e-06	3.38557e-05	-3.33787e-06
7.8	-2.3842e-07	4.58959e-06	3.30212e-05	-3.21867e-06
7.9	1.1921e-07	4.58959e-06	3.30212e-05	-3.21867e-06
8	-4.76841e-07	4.29156e-06	3.30212e-05	-3.21867e-06
8.1	-1.07289e-06	5.36445e-06	3.33788e-05	-3.21867e-06
8.2	-1.07289e-06	4.29156e-06	3.37365e-05	-3.33787e-06
8.3	-1.2517e-06	4.58959e-06	3.33788e-05	-3.33787e-06
8.4	-1.2517e-06	4.7088e-06	3.26636e-05	-3.21867e-06
8.5	-6.55655e-07	3.99354e-06	3.19483e-05	-3.21867e-06
8.6	-7.74864e-07	3.51669e-06	3.14715e-05	-3.21867e-06
8.7	-1.1921e-06	3.57629e-06	3.15907e-05	-3.33787e-06
8.8	-1.72854e-06	2.92064e-06	3.21867e-05	-3.57629e-06
8.9	-1.96697e-06	3.27827e-06	3.33788e-05	-3.6955e-06
9	-2.08618e-06	3.09946e-06	3.65975e-05	-4.17235e-06
9.1	-2.74183e-06	2.3246e-06	4.11274e-05	-4.7684e-06
9.2	-3.57629e-06	2.26499e-06	5.10218e-05	-6.31812e-06
9.3	-2.20539e-06	3.27827e-06	7.06916e-05	-9.17917e-06
9.4	-2.4438e-06	4.11275e-06	0.000113011	-1.63318e-05
9.5	-4.29156e-06	6.31812e-06	0.000248792	-4.78032e-05
9.6	-1.15634e-05	2.05637e-05	0.000887636	-0.00042093
9.7	-5.48366e-06	5.02469e-05	0.00138379	-0.00160528
9.8	-7.51021e-06	9.9719e-05	0.00134612	-0.00178052
9.9	-3.37961e-05	0.0001117	0.00113393	-0.000900749
10	-6.3241e-05	0.000209869	0.00103069	-0.000675324
10.1	0.000120104	0.000928823	0.000609282	-0.000760559
10.2	0.000189484	0.00109214	0.000168444	-0.000405313
10.3	0.000209452	0.00109214	-7.06916e-05	-0.000130058
10.4	7.70693e-05	0.00106592	-6.49695e-05	-6.09162e-05
10.5	0.000345292	0.00109214	-0.000155569	0.000211359
10.6	0.000857178	0.00109214	-9.40566e-05	-0.00014329
10.7	0.00109214	0.00109214	-0.000144959	-0.000308873
10.8	0.00109214	0.00109214	0.000144363	-0.000314834
10.9	0.000811283	0.00109214	-0.000266792	-6.90226e-05
11	0.00109214	0.00109214	-0.000159026	-2.62262e-05
11.1	0.000822548	0.00109214	0.000193835	-0.000250461
11.2	0.000673298	0.00109214	2.2173e-05	-0.000141502
11.3	0.0002203	0.000688378	0.000270488	-0.000191928
11.4	0.000207604	0.000751439	0.000233055	-0.000253322
11.5	9.16724e-05	0.000536565	0.000374677	-0.000234366
11.6	9.87058e-05	0.000377657	6.13932e-05	-0.000262739
11.7	4.20811e-05	-0.000114143	0.000219584	-0.000535253
11.8	-0.000402214	-0.00108869	5.61478e-05	-0.000757936
11.9	-0.0010922	-0.0010922	0.000124575	-0.000620369
12	-0.0010922	-0.000818495	4.89953e-05	-0.00127829
12.1	-0.0010922	-0.00045252	0.000313761	-0.00154782
12.2	-0.0010922	-0.000745479	-0.000219942	-8.30893e-05
12.3	-0.0010922	-0.0010922	-0.000602845	0.000397803
12.4	-0.000622872	-0.0010922	-5.41213e-05	-3.94585e-05
12.5	-0.000265898	-0.000930015	-0.000208736	-0.000112057
12.6	3.88029e-05	-0.000264348	3.24252e-05	3.61206e-05
12.7	9.05996e-06	-2.7001e-05	0.000157476	7.14068e-05
12.8	8.76194e-06	-8.94075e-06	2.34843e-05	-3.33787e-06
12.9	3.21867e-06	-3.21867e-06	2.39612e-05	6.31812e-06
13	8.94073e-07	-3.15906e-06	2.06233e-05	1.01328e-05
13.1	8.34469e-07	-2.80143e-06	3.02793e-05	1.07289e-05
13.2	-5.96051e-08	-1.90736e-06	3.25444e-05	1.16826e-05
13.3	1.78815e-07	-2.3842e-06	1.22786e-05	3.5763e-07
13.4	-4.76841e-07	-7.15259e-07	1.27555e-05	1.54973e-06
13.5	-3.5763e-07	-4.76841e-07	9.89443e-06	-8.34469e-07
13.6	-4.17234e-07	-5.36445e-07	1.01328e-05	-1.07289e-06
13.7	-4.17234e-07	3.5763e-07	8.2255e-06	-9.53682e-07
13.8	0	1.1921e-06	8.58313e-06	-7.15259e-07
13.9	-1.78815e-07	1.07289e-06	7.98708e-06	-7.15259e-07
14	-5.96051e-08	1.1921e-06	7.15259e-06	-4.76841e-07
