# srdc_volt_set	lockin2_X	lockin2_Y
# "volt"	"X"	"Y"
# 261
13	1.21701e-06	-1.25729e-07
12.9	1.17906e-06	-1.01515e-07
12.8	1.1623e-06	-9.59267e-08
12.7	1.18907e-06	-7.40406e-08
12.6	1.1779e-06	-1.06404e-07
12.5	1.19862e-06	-9.26671e-08
12.4	1.13459e-06	-7.12466e-08
12.3	1.12202e-06	-8.70791e-08
12.2	1.13133e-06	-6.35632e-08
12.1	1.12644e-06	-7.91629e-08
12	1.14088e-06	-8.63806e-08
11.9	1.15229e-06	-1.01049e-07
11.8	1.11806e-06	-8.70791e-08
11.7	1.12109e-06	-1.11061e-07
11.6	1.11969e-06	-9.8255e-08
11.5	1.14972e-06	-7.49719e-08
11.4	1.14088e-06	-7.40406e-08
11.3	1.15392e-06	-1.21539e-07
11.2	1.11992e-06	-7.98614e-08
11.1	1.13389e-06	-4.91275e-08
11	1.10688e-06	-7.56704e-08
10.9	1.11387e-06	-1.01515e-07
10.8	1.13156e-06	-1.05473e-07
10.7	1.11573e-06	-8.33538e-08
10.6	1.09431e-06	-9.38312e-08
10.5	1.11946e-06	-7.98614e-08
10.4	1.11457e-06	-7.75331e-08
10.3	1.12179e-06	-1.25497e-07
10.2	1.12924e-06	-7.73002e-08
10.1	1.12528e-06	-8.12583e-08
10	1.11573e-06	-9.5461e-08
9.9	1.08942e-06	-9.63923e-08
9.8	1.01049e-06	-5.9372e-08
9.7	9.7161e-07	-6.61244e-08
9.6	8.87787e-07	-3.53905e-08
9.5	7.93025e-07	-6.33304e-08
9.4	7.4413e-07	-3.21309e-08
9.3	6.74281e-07	-4.81962e-08
9.2	6.66132e-07	-7.52048e-08
9.1	6.28414e-07	-6.98496e-08
9	6.18635e-07	-5.82079e-08
8.9	6.12115e-07	-4.37724e-08
8.8	6.01638e-07	-5.14558e-08
8.7	5.94886e-07	-4.51694e-08
8.6	6.28879e-07	-6.35632e-08
8.5	6.22593e-07	-3.67875e-08
8.4	6.2562e-07	-6.47274e-08
8.3	6.43315e-07	-1.69968e-08
8.2	6.4378e-07	-7.17123e-08
8.1	6.04199e-07	-5.262e-08
8	6.29578e-07	-4.93603e-08
7.9	6.65899e-07	-3.95814e-08
7.8	6.53094e-07	-4.67992e-08
7.7	6.45643e-07	-8.56821e-08
7.6	7.01988e-07	-5.44826e-08
7.5	6.88717e-07	-4.44709e-08
7.4	6.92908e-07	-7.40406e-08
7.3	7.14328e-07	-7.79987e-08
7.2	7.45295e-07	-6.17006e-08
7.1	7.48321e-07	-9.15029e-08
7	8.03502e-07	-6.56587e-08
6.9	8.02571e-07	-6.5193e-08
6.8	8.15842e-07	-6.7987e-08
6.7	8.39125e-07	-9.22014e-08
6.6	8.3377e-07	-5.84407e-08
6.5	8.07227e-07	-4.23754e-08
6.4	7.26901e-07	-4.54022e-08
6.3	6.76842e-07	-6.58915e-08
6.2	6.46109e-07	-4.88947e-08
6.1	5.98844e-07	-6.05364e-08
6	5.65316e-07	-5.40169e-08
5.9	5.70206e-07	-7.24108e-08
5.8	5.63221e-07	-9.15029e-08
5.7	6.03733e-07	-4.51694e-08
5.6	5.72069e-07	-5.58796e-08
5.5	6.20264e-07	-6.72885e-08
5.4	6.44945e-07	-5.28528e-08
5.3	7.25737e-07	-6.7987e-08
5.2	8.09323e-07	-1.085e-07
5.1	9.46926e-07	-8.40523e-08
5	1.12644e-06	-1.29688e-07
4.9	1.19443e-06	-1.22237e-07
4.8	1.23005e-06	-1.40165e-07
4.7	1.24612e-06	-1.42028e-07
4.6	1.22423e-06	-8.98731e-08
4.5	1.20933e-06	-1.6857e-07
4.4	1.26684e-06	-9.17357e-08
4.3	1.22539e-06	-6.96168e-08
4.2	1.19932e-06	-9.91863e-08
4.1	1.21841e-06	-1.04541e-07
4	1.23028e-06	-1.44123e-07
3.9	1.23215e-06	-8.4518e-08
3.8	1.18768e-06	-1.31783e-07
3.7	1.17441e-06	-8.05599e-08
3.6	1.14227e-06	-8.38195e-08
3.5	1.10106e-06	-7.75331e-08
3.4	1.09105e-06	-1.12225e-07
3.3	1.0226e-06	-4.81962e-08
3.2	9.64625e-07	-5.40169e-08
3.1	8.77077e-07	-7.63689e-08
3	8.01407e-07	-4.9826e-08
2.9	7.56936e-07	-4.95932e-08
2.8	7.23408e-07	-5.37841e-08
2.7	6.83827e-07	-3.42263e-08
2.6	6.1328e-07	-6.5193e-08
2.5	6.14211e-07	-6.68228e-08
2.4	5.89298e-07	-3.30622e-08
2.3	5.96749e-07	-4.23754e-08
2.2	5.62057e-07	-6.5193e-08
2.1	5.82313e-07	-4.81962e-08
2	5.98146e-07	-3.4692e-08
1.9	5.62522e-07	-6.44945e-08
1.8	5.73698e-07	-4.93603e-08
1.7	5.70206e-07	-2.81726e-08
1.6	5.89764e-07	-2.58443e-08
1.5	6.00241e-07	-4.12113e-08
1.4	5.93955e-07	-6.40289e-08
1.3	5.78588e-07	-4.47037e-08
1.2	6.01172e-07	-4.9826e-08
1.1	6.20032e-07	-7.68346e-08
1	6.45177e-07	-3.25965e-08
0.899999999999999	6.61243e-07	-6.5193e-08
0.799999999999999	7.37611e-07	-8.1724e-08
0.699999999999999	7.99311e-07	-6.12349e-08
0.6	8.72187e-07	-9.5461e-08
0.5	9.40174e-07	-8.12583e-08
0.399999999999999	1.11364e-06	-1.42028e-07
0.299999999999999	1.26474e-06	-1.74391e-07
0.199999999999999	1.49431e-06	-1.44123e-07
0.0999999999999996	1.79723e-06	-1.52039e-07
0	1.69501e-06	-1.66009e-07
-0.100000000000001	1.48384e-06	-1.27592e-07
-0.200000000000001	1.29268e-06	-1.39001e-07
-0.300000000000001	1.0978e-06	-1.06171e-07
-0.4	9.56941e-07	-8.10255e-08
-0.5	8.5845e-07	-6.82198e-08
-0.600000000000001	7.84643e-07	-3.91158e-08
-0.700000000000001	7.32722e-07	-5.70437e-08
-0.800000000000001	7.00591e-07	-7.86972e-08
-0.9	6.57285e-07	-6.84527e-08
-1	6.29112e-07	-4.19097e-08
-1.1	5.95584e-07	-6.21662e-08
-1.2	6.01638e-07	-3.00354e-08
-1.3	5.75095e-07	-6.5193e-08
-1.4	5.38308e-07	-4.77305e-08
-1.5	5.45526e-07	-4.12113e-08
-1.6	5.04548e-07	-4.47037e-08
-1.7	5.25502e-07	-2.84055e-08
-1.8	5.49717e-07	-5.05245e-08
-1.9	5.2201e-07	-5.23871e-08
-2	5.56469e-07	-2.86383e-08
-2.1	5.40171e-07	-4.33067e-08
-2.2	5.36911e-07	-3.65546e-08
-2.3	5.32487e-07	-6.23991e-08
-2.4	5.82546e-07	-2.42145e-08
-2.5	6.00474e-07	-2.65428e-08
-2.6	5.94886e-07	-3.30622e-08
-2.7	6.36795e-07	-5.58796e-08
-2.8	6.18402e-07	-3.93486e-08
-2.9	6.7172e-07	-5.77422e-08
-3	6.49601e-07	-7.63689e-08
-3.1	7.17355e-07	-9.75565e-08
-3.2	7.90231e-07	-6.72885e-08
-3.3	8.17938e-07	-6.49602e-08
-3.4	8.69393e-07	-3.53905e-08
-3.5	9.13165e-07	-8.84761e-08
-3.6	9.40872e-07	-7.26436e-08
-3.7	1.03261e-06	-7.75331e-08
-3.8	1.07173e-06	-7.42734e-08
-3.9	1.11992e-06	-9.52282e-08
-4	1.12458e-06	-9.87206e-08
-4.1	1.10409e-06	-1.10595e-07
-4.2	1.11899e-06	-9.33655e-08
-4.3	1.09291e-06	-1.38535e-07
-4.4	1.09315e-06	-6.40289e-08
-4.5	1.06428e-06	-4.7032e-08
-4.6	1.05776e-06	-8.91746e-08
-4.7	9.85347e-07	-1.1595e-07
-4.8	9.75568e-07	-7.42734e-08
-4.9	9.32258e-07	-8.87089e-08
-5	8.86157e-07	-4.58679e-08
-5.1	8.35866e-07	-6.23991e-08
-5.2	7.42035e-07	-6.98496e-08
-5.3	6.8243e-07	-5.75094e-08
-5.4	6.5612e-07	-6.96168e-08
-5.5	5.1712e-07	-1.00118e-08
-5.6	5.90229e-07	-2.11877e-08
-5.7	6.05596e-07	-3.58561e-08
-5.8	6.08623e-07	-3.44592e-08
-5.9	6.0676e-07	-1.95579e-08
-6	5.80916e-07	-2.74741e-08
-6.1	6.29578e-07	-3.35278e-08
-6.2	6.18867e-07	-4.88947e-08
-6.3	6.84526e-07	-7.63689e-08
-6.4	7.58566e-07	-7.00825e-08
-6.5	7.94422e-07	-3.23637e-08
-6.6	9.24574e-07	-7.86972e-08
-6.7	9.45296e-07	-6.5193e-08
-6.8	8.69393e-07	-4.58679e-08
-6.9	8.13048e-07	-8.77776e-08
-7	8.53561e-07	-8.54493e-08
-7.1	7.02221e-07	-2.3516e-08
-7.2	6.95934e-07	-5.77422e-08
-7.3	6.23291e-07	-3.4692e-08
-7.4	6.44945e-07	-6.75213e-08
-7.5	6.32372e-07	-5.16886e-08
-7.6	6.24455e-07	-3.95814e-08
-7.7	5.98611e-07	-3.63218e-08
-7.8	5.76259e-07	-8.75448e-08
-7.9	6.23291e-07	-3.23637e-08
-8	6.21196e-07	-2.7707e-08
-8.1	5.74862e-07	-2.58443e-08
-8.2	5.93023e-07	-6.72885e-08
-8.3	6.07924e-07	-2.67756e-08
-8.4	5.78122e-07	-4.47037e-08
-8.5	6.04432e-07	-6.47274e-08
-8.6	6.08157e-07	-6.10021e-08
-8.7	6.20963e-07	-3.30622e-08
-8.8	5.73931e-07	-4.12113e-08
-8.9	5.83244e-07	-5.75094e-08
-9	6.39589e-07	-3.35278e-08
-9.1	6.51929e-07	-4.12113e-08
-9.2	6.5775e-07	-4.07456e-08
-9.3	6.46574e-07	-2.58443e-08
-9.4	6.91511e-07	-4.19097e-08
-9.5	6.91976e-07	-7.63689e-08
-9.6	7.4413e-07	-8.40523e-08
-9.7	7.52047e-07	-2.56115e-08
-9.8	7.8441e-07	-7.68346e-08
-9.9	8.51931e-07	-5.00588e-08
-10	8.38194e-07	-6.98496e-08
-10.1	8.6334e-07	-6.28647e-08
-10.2	8.86856e-07	-8.54493e-08
-10.3	8.85226e-07	-4.63335e-08
-10.4	8.99661e-07	-5.56468e-08
-10.5	8.81733e-07	-7.10138e-08
-10.6	8.86623e-07	-8.75448e-08
-10.7	8.29579e-07	-8.07927e-08
-10.8	8.28881e-07	-8.10255e-08
-10.9	8.45412e-07	-9.56938e-08
-11	8.26785e-07	-8.47508e-08
-11.1	8.23758e-07	-6.42617e-08
-11.2	8.34701e-07	-9.94191e-08
-11.3	8.42385e-07	-8.5915e-08
-11.4	8.32606e-07	-9.87206e-08
-11.5	8.92909e-07	-5.40169e-08
-11.6	9.01058e-07	-8.5915e-08
-11.7	9.74404e-07	-9.15029e-08
-11.8	8.89882e-07	-5.68109e-08
-11.9	9.50185e-07	-5.51811e-08
-12	9.48556e-07	-1.08034e-07
-12.1	9.78594e-07	-5.14558e-08
-12.2	9.8977e-07	-8.10255e-08
-12.3	1.00421e-06	-1.07801e-07
-12.4	1.02609e-06	-9.45297e-08
-12.5	1.00374e-06	-9.22014e-08
-12.6	1.00258e-06	-6.84527e-08
-12.7	1.02772e-06	-1.0687e-07
-12.8	1.03424e-06	-7.79987e-08
-12.9	1.02772e-06	-7.61361e-08
-13	1.01608e-06	-8.98731e-08
