# srdc_volt_set	lockin1_X	lockin1_Y	lockin2_X	lockin2_Y
# "volt"	"X"	"Y"	"X"	"Y"
# 101
5	6.09907e-05	-7.79337e-06	1.5162e-05	-1.03564e-06
4.9	6.18924e-05	-7.79337e-06	1.5326e-05	-1.07289e-06
4.8	6.27567e-05	-7.97218e-06	1.55718e-05	-9.76033e-07
4.7	6.36135e-05	-8.09884e-06	1.5773e-05	-1.01329e-06
4.6	6.44778e-05	-8.3e-06	1.58997e-05	-1.09524e-06
4.5	6.5424e-05	-8.46392e-06	1.61902e-05	-1.07289e-06
4.4	6.63106e-05	-8.64273e-06	1.63988e-05	-1.05799e-06
4.3	6.71898e-05	-8.83645e-06	1.66e-05	-1.08034e-06
4.2	6.8136e-05	-9.04506e-06	1.68459e-05	-1.12504e-06
4.1	6.90673e-05	-9.17172e-06	1.71365e-05	-1.12504e-06
4	6.9954e-05	-9.48465e-06	1.73823e-05	-1.13995e-06
3.9	7.08704e-05	-9.64111e-06	1.76654e-05	-1.1474e-06
3.8	7.18241e-05	-9.81992e-06	1.78964e-05	-1.1623e-06
3.7	7.27777e-05	-9.96894e-06	1.82317e-05	-1.16975e-06
3.6	7.36569e-05	-1.02372e-05	1.8485e-05	-1.207e-06
3.5	7.4551e-05	-1.04607e-05	1.87979e-05	-1.26661e-06
3.4	7.54599e-05	-1.07736e-05	1.90885e-05	-1.2517e-06
3.3	7.63764e-05	-1.09748e-05	1.93716e-05	-1.29641e-06
3.2	7.72704e-05	-1.11536e-05	1.97516e-05	-1.40072e-06
3.1	7.81496e-05	-1.12206e-05	2.0072e-05	-1.33366e-06
3	7.90213e-05	-1.13398e-05	2.03924e-05	-1.38582e-06
2.9	7.98334e-05	-1.16006e-05	2.07351e-05	-1.40072e-06
2.8	8.06754e-05	-1.17794e-05	2.11076e-05	-1.43052e-06
2.7	8.15098e-05	-1.19731e-05	2.14205e-05	-1.43052e-06
2.6	8.2307e-05	-1.21594e-05	2.18452e-05	-1.47522e-06
2.5	8.29925e-05	-1.23531e-05	2.22401e-05	-1.46032e-06
2.4	8.37524e-05	-1.24798e-05	2.26052e-05	-1.49757e-06
2.3	8.44304e-05	-1.26884e-05	2.30522e-05	-1.57953e-06
2.2	8.50712e-05	-1.28002e-05	2.34024e-05	-1.59443e-06
2.1	8.57417e-05	-1.29268e-05	2.38196e-05	-1.64659e-06
2	8.62409e-05	-1.30609e-05	2.4289e-05	-1.69874e-06
1.9	8.67848e-05	-1.32174e-05	2.46839e-05	-1.74344e-06
1.8	8.72915e-05	-1.3344e-05	2.51458e-05	-1.7807e-06
1.7	8.77236e-05	-1.34931e-05	2.56227e-05	-1.8403e-06
1.6	8.80365e-05	-1.35601e-05	2.60995e-05	-1.84775e-06
1.5	8.84016e-05	-1.36346e-05	2.6621e-05	-1.95207e-06
1.4	8.86698e-05	-1.37464e-05	2.70904e-05	-1.98187e-06
1.3	8.88188e-05	-1.38358e-05	2.76269e-05	-2.04892e-06
1.2	8.89827e-05	-1.38358e-05	2.81782e-05	-2.12343e-06
1.1	8.91094e-05	-1.39028e-05	2.87296e-05	-2.17558e-06
1	8.91616e-05	-1.39028e-05	2.92883e-05	-2.25009e-06
0.899999999999999	8.91541e-05	-1.39401e-05	2.98844e-05	-2.29479e-06
0.8	8.90647e-05	-1.39252e-05	3.04581e-05	-2.37675e-06
0.7	8.89827e-05	-1.38432e-05	3.1017e-05	-2.42145e-06
0.6	8.87592e-05	-1.39848e-05	3.15534e-05	-2.54066e-06
0.5	8.85357e-05	-1.38507e-05	3.21048e-05	-2.60027e-06
0.399999999999999	8.82228e-05	-1.37315e-05	3.25444e-05	-2.60027e-06
0.3	8.78652e-05	-1.3657e-05	3.29094e-05	-2.64497e-06
0.199999999999999	8.74628e-05	-1.35601e-05	3.32075e-05	-2.71948e-06
0.0999999999999996	8.69711e-05	-1.34409e-05	3.33192e-05	-2.72693e-06
0	8.64421e-05	-1.33142e-05	3.34384e-05	-2.70458e-06
-0.100000000000001	8.58163e-05	-1.32546e-05	3.34012e-05	-2.75673e-06
-0.2	8.52724e-05	-1.3046e-05	3.32522e-05	-2.66732e-06
-0.300000000000001	8.4572e-05	-1.28747e-05	3.29914e-05	-2.66732e-06
-0.4	8.38717e-05	-1.2748e-05	3.27679e-05	-2.65987e-06
-0.5	8.31713e-05	-1.25915e-05	3.24028e-05	-2.60027e-06
-0.600000000000001	8.23592e-05	-1.24127e-05	3.20601e-05	-2.61517e-06
-0.7	8.1562e-05	-1.22041e-05	3.16056e-05	-2.56301e-06
-0.800000000000001	8.07573e-05	-1.20402e-05	3.12629e-05	-2.51086e-06
-0.9	7.98856e-05	-1.18241e-05	3.08456e-05	-2.4289e-06
-1	7.90213e-05	-1.16304e-05	3.03985e-05	-2.4289e-06
-1.1	7.809e-05	-1.14367e-05	2.99589e-05	-2.39165e-06
-1.2	7.71214e-05	-1.12132e-05	2.9564e-05	-2.33205e-06
-1.3	7.61901e-05	-1.10344e-05	2.91915e-05	-2.27989e-06
-1.4	7.52588e-05	-1.07885e-05	2.87221e-05	-2.23519e-06
-1.5	7.42902e-05	-1.0632e-05	2.83347e-05	-2.22029e-06
-1.6	7.33514e-05	-1.04234e-05	2.79249e-05	-2.16813e-06
-1.7	7.23531e-05	-1.02223e-05	2.75673e-05	-2.10108e-06
-1.8	7.13174e-05	-9.93913e-06	2.71575e-05	-2.08618e-06
-1.9	7.03712e-05	-9.76032e-06	2.67999e-05	-2.01167e-06
-2	6.93505e-05	-9.61876e-06	2.63826e-05	-2.03402e-06
-2.1	6.84191e-05	-9.36544e-06	2.6025e-05	-2.01912e-06
-2.2	6.74059e-05	-9.16427e-06	2.57195e-05	-1.91481e-06
-2.3	6.64447e-05	-8.95566e-06	2.53321e-05	-1.94462e-06
-2.4	6.54464e-05	-8.78429e-06	2.50192e-05	-1.8552e-06
-2.5	6.4515e-05	-8.56078e-06	2.46988e-05	-1.8552e-06
-2.6	6.35465e-05	-8.41921e-06	2.43263e-05	-1.8552e-06
-2.7	6.25853e-05	-8.21805e-06	2.40059e-05	-1.8254e-06
-2.8	6.17136e-05	-7.97963e-06	2.36781e-05	-1.7807e-06
-2.9	6.07374e-05	-7.79337e-06	2.33726e-05	-1.76579e-06
-3	5.98507e-05	-7.67416e-06	2.30597e-05	-1.73599e-06
-3.1	5.89418e-05	-7.55492e-06	2.27616e-05	-1.69874e-06
-3.2	5.80105e-05	-7.48041e-06	2.24264e-05	-1.73599e-06
-3.3	5.71462e-05	-7.33885e-06	2.21581e-05	-1.71364e-06
-3.4	5.63266e-05	-7.13769e-06	2.18899e-05	-1.70619e-06
-3.5	5.54028e-05	-6.98867e-06	2.15546e-05	-1.69129e-06
-3.6	5.46428e-05	-6.78751e-06	2.12864e-05	-1.68384e-06
-3.7	5.37711e-05	-6.6534e-06	2.10629e-05	-1.62423e-06
-3.8	5.29739e-05	-6.51929e-06	2.07798e-05	-1.59443e-06
-3.9	5.22065e-05	-6.37773e-06	2.04967e-05	-1.58698e-06
-4	5.14539e-05	-6.27342e-06	2.02731e-05	-1.55718e-06
-4.1	5.07163e-05	-6.10951e-06	2.00124e-05	-1.53483e-06
-4.2	4.99936e-05	-5.97539e-06	1.9774e-05	-1.52738e-06
-4.3	4.92784e-05	-5.72953e-06	1.95355e-05	-1.47522e-06
-4.4	4.85259e-05	-5.70717e-06	1.92599e-05	-1.49757e-06
-4.5	4.7833e-05	-5.58796e-06	1.90513e-05	-1.46777e-06
-4.6	4.71326e-05	-5.49111e-06	1.88203e-05	-1.43052e-06
-4.7	4.65142e-05	-5.34955e-06	1.85744e-05	-1.43797e-06
-4.8	4.58735e-05	-5.22289e-06	1.83434e-05	-1.39327e-06
-4.9	4.52402e-05	-5.18563e-06	1.8105e-05	-1.39327e-06
-5	4.46292e-05	-5.04407e-06	1.79858e-05	-1.37091e-06
