# srdc_volt_set	lockin2_X	lockin2_Y
# "volt"	"X"	"Y"
# 201
-10	3.43325e-05	-5.17818e-06
-9.9	3.51968e-05	-5.33464e-06
-9.8	3.55246e-05	-5.50601e-06
-9.7	3.60163e-05	-5.62522e-06
-9.6	3.66049e-05	-5.82638e-06
-9.5	3.60461e-05	-5.99775e-06
-9.4	3.5763e-05	-6.15421e-06
-9.3	3.51893e-05	-5.94559e-06
-9.2	3.57258e-05	-6.08715e-06
-9.1	3.67912e-05	-6.15421e-06
-9	3.67912e-05	-6.28832e-06
-8.9	3.70967e-05	-6.54164e-06
-8.8	3.69924e-05	-6.52674e-06
-8.7	3.68508e-05	-6.50439e-06
-8.6	3.67614e-05	-6.55654e-06
-8.5	3.61579e-05	-6.19891e-06
-8.4	3.62399e-05	-6.10205e-06
-8.3	3.78864e-05	-6.42243e-06
-8.2	3.79311e-05	-6.6981e-06
-8.1	3.81249e-05	-7.16004e-06
-8	3.81249e-05	-7.40591e-06
-7.9	3.8408e-05	-6.95887e-06
-7.8	3.88476e-05	-7.03338e-06
-7.7	3.7417e-05	-6.87691e-06
-7.6	3.66347e-05	-6.6534e-06
-7.5	3.66645e-05	-6.72045e-06
-7.4	3.68583e-05	-7.05573e-06
-7.3	3.70594e-05	-7.62197e-06
-7.2	3.80727e-05	-7.87532e-06
-7.1	3.81323e-05	-7.71141e-06
-7	3.81696e-05	-7.2867e-06
-6.9	3.87731e-05	-7.16004e-06
-6.8	3.86017e-05	-6.78006e-06
-6.7	3.88401e-05	-6.7428e-06
-6.6	3.88178e-05	-7.06318e-06
-6.5	3.84229e-05	-7.56237e-06
-6.4	3.79758e-05	-7.47296e-06
-6.3	3.79088e-05	-7.09298e-06
-6.2	3.76629e-05	-7.56982e-06
-6.1	3.82739e-05	-8.67998e-06
-6	3.90636e-05	-9.23133e-06
-5.9	3.93393e-05	-8.73214e-06
-5.8	4.10976e-05	-9.62621e-06
-5.7	4.15e-05	-9.99129e-06
-5.6	4.2178e-05	-1.00956e-05
-5.5	4.30944e-05	-1.05426e-05
-5.4	4.25803e-05	-9.98384e-06
-5.3	4.2625e-05	-9.28348e-06
-5.2	4.41673e-05	-9.16427e-06
-5.1	4.56574e-05	-9.25368e-06
-5	4.6991e-05	-1.00211e-05
-4.9	4.79596e-05	-1.06171e-05
-4.8	5.02842e-05	-1.14292e-05
-4.7	5.13496e-05	-1.19731e-05
-4.6	5.11261e-05	-1.20402e-05
-4.5	5.13645e-05	-1.38805e-05
-4.4	5.37189e-05	-1.41785e-05
-4.3	5.50153e-05	-1.28598e-05
-4.2	5.59094e-05	-1.35601e-05
-4.1	5.88747e-05	-1.56761e-05
-4	5.93814e-05	-1.49012e-05
-3.9	5.91802e-05	-1.45287e-05
-3.8	5.81297e-05	-1.40295e-05
-3.7	5.91504e-05	-1.38134e-05
-3.6	6.05437e-05	-1.39401e-05
-3.5	6.07821e-05	-1.41636e-05
-3.4	5.97241e-05	-1.35452e-05
-3.3	6.20265e-05	-1.44169e-05
-3.2	6.14752e-05	-1.52664e-05
-3.1	6.24438e-05	-1.6153e-05
-3	6.14305e-05	-1.64734e-05
-2.9	6.37253e-05	-1.56016e-05
-2.8	6.68694e-05	-1.65479e-05
-2.7	6.77486e-05	-1.72333e-05
-2.6	6.63702e-05	-1.61977e-05
-2.5	6.40159e-05	-1.508e-05
-2.4	6.35465e-05	-1.58997e-05
-2.3	6.30398e-05	-1.80454e-05
-2.2	6.22054e-05	-2.07649e-05
-2.1	6.19371e-05	-2.52799e-05
-2	6.19595e-05	-2.31342e-05
-1.9	6.23171e-05	-1.95579e-05
-1.8	6.16615e-05	-1.89097e-05
-1.7	5.96794e-05	-1.74419e-05
-1.6	5.54177e-05	-1.49608e-05
-1.5	5.17445e-05	-1.4633e-05
-1.4	5.15881e-05	-1.4104e-05
-1.3	4.866e-05	-1.44616e-05
-1.2	4.71177e-05	-1.47001e-05
-1.1	4.81012e-05	-1.43201e-05
-1	4.75051e-05	-1.30609e-05
-0.9	4.50911e-05	-1.15261e-05
-0.799999999999999	4.06282e-05	-9.66346e-06
-0.699999999999999	3.76033e-05	-9.54425e-06
-0.6	3.47125e-05	-1.06842e-05
-0.5	3.50701e-05	-9.83482e-06
-0.399999999999999	3.67614e-05	-9.83482e-06
-0.299999999999999	3.90711e-05	-9.13447e-06
-0.199999999999999	4.14106e-05	-9.95403e-06
-0.0999999999999996	4.70656e-05	-1.22116e-05
0	5.40616e-05	-1.52439e-05
0.100000000000001	5.41511e-05	-1.43573e-05
0.200000000000001	5.4844e-05	-1.36868e-05
0.300000000000001	5.3175e-05	-1.37538e-05
0.4	4.78032e-05	-1.28821e-05
0.5	4.50762e-05	-1.38209e-05
0.600000000000001	4.32732e-05	-1.38134e-05
0.700000000000001	4.01514e-05	-1.27406e-05
0.800000000000001	4.0889e-05	-1.33068e-05
0.9	4.77957e-05	-1.38879e-05
1	5.47993e-05	-1.52664e-05
1.1	5.4382e-05	-1.48118e-05
1.2	5.29143e-05	-1.3873e-05
1.3	4.81086e-05	-1.29566e-05
1.4	4.67228e-05	-1.16304e-05
1.5	4.4361e-05	-1.15857e-05
1.6	4.53966e-05	-1.25319e-05
1.7	4.85557e-05	-1.37464e-05
1.8	4.86004e-05	-1.63914e-05
1.9	4.80341e-05	-1.81125e-05
2	4.97999e-05	-1.92003e-05
2.1	4.95913e-05	-1.65926e-05
2.2	5.0016e-05	-1.57432e-05
2.3	4.99117e-05	-1.52216e-05
2.4	4.85184e-05	-1.45063e-05
2.5	4.7751e-05	-1.40146e-05
2.6	4.72369e-05	-1.59369e-05
2.7	4.78851e-05	-1.73376e-05
2.8	4.98148e-05	-1.6682e-05
2.9	4.88835e-05	-1.71439e-05
3	4.54041e-05	-1.51992e-05
3.1	4.36308e-05	-1.56389e-05
3.2	4.375e-05	-1.3508e-05
3.3	4.38693e-05	-1.25468e-05
3.4	4.40108e-05	-1.33813e-05
3.5	4.53668e-05	-1.37613e-05
3.6	4.64099e-05	-1.46181e-05
3.7	4.65366e-05	-1.61008e-05
3.8	4.8809e-05	-1.4551e-05
3.9	4.6775e-05	-1.34856e-05
4	4.5106e-05	-1.25394e-05
4.1	4.19992e-05	-1.36495e-05
4.2	4.10902e-05	-1.29566e-05
4.3	4.15894e-05	-1.18763e-05
4.4	3.85644e-05	-1.16528e-05
4.5	3.88327e-05	-1.16379e-05
4.6	3.811e-05	-1.02521e-05
4.7	3.71786e-05	-1.02074e-05
4.8	3.70818e-05	-9.29838e-06
4.9	3.6061e-05	-9.09722e-06
5	3.55768e-05	-9.64111e-06
5.1	3.46529e-05	-9.32073e-06
5.2	3.39972e-05	-8.73214e-06
5.3	3.39376e-05	-8.79174e-06
5.4	3.18068e-05	-9.98384e-06
5.5	3.22985e-05	-8.8141e-06
5.6	3.19409e-05	-8.89605e-06
5.7	3.08456e-05	-8.99291e-06
5.8	3.02495e-05	-8.06904e-06
5.9	3.03985e-05	-6.7428e-06
6	3.10319e-05	-6.15421e-06
6.1	3.08903e-05	-5.9903e-06
6.2	3.08903e-05	-5.90834e-06
6.3	3.02942e-05	-5.64757e-06
6.4	3.0473e-05	-5.51346e-06
6.5	3.05028e-05	-5.58051e-06
6.6	2.98248e-05	-5.59542e-06
6.7	2.95789e-05	-5.4613e-06
6.8	2.97354e-05	-5.93814e-06
6.9	2.97577e-05	-6.6534e-06
7	3.02793e-05	-6.7428e-06
7.1	3.08531e-05	-6.61614e-06
7.2	3.17472e-05	-6.24362e-06
7.3	3.17546e-05	-6.73535e-06
7.4	3.1315e-05	-7.21219e-06
7.5	3.02867e-05	-8.65763e-06
7.6	3.10841e-05	-6.84711e-06
7.7	3.18738e-05	-6.84711e-06
7.8	3.27381e-05	-6.713e-06
7.9	3.36098e-05	-7.05573e-06
8	3.4258e-05	-7.13769e-06
8.1	3.44443e-05	-7.38355e-06
8.2	3.32894e-05	-7.41336e-06
8.3	3.28871e-05	-7.05573e-06
8.4	3.24848e-05	-7.13769e-06
8.5	3.24624e-05	-7.2718e-06
8.6	3.2291e-05	-6.713e-06
8.7	3.23954e-05	-6.53419e-06
8.8	3.21495e-05	-6.31067e-06
8.9	3.16801e-05	-6.0946e-06
9	3.1166e-05	-6.11696e-06
9.1	3.10095e-05	-5.97539e-06
9.2	3.11511e-05	-6.47458e-06
9.3	3.05923e-05	-6.23617e-06
9.4	3.03463e-05	-5.63267e-06
9.5	3.00707e-05	-5.69972e-06
9.6	2.98397e-05	-6.77261e-06
9.7	2.9646e-05	-6.46713e-06
9.8	2.90797e-05	-5.45385e-06
9.9	2.90723e-05	-5.27504e-06
10	2.95566e-05	-5.19308e-06
