# srdc_volt_set	lockin2_X	lockin2_Y
# "volt"	"X"	"Y"
# 201
-10	3.47572e-05	-2.14131e-05
-9.9	3.12182e-05	-1.37985e-05
-9.8	2.36557e-05	-7.77846e-06
-9.7	2.18676e-05	-6.28087e-06
-9.6	1.96249e-05	-5.23034e-06
-9.5	1.9245e-05	-4.88761e-06
-9.4	2.14131e-05	-5.36445e-06
-9.3	2.15472e-05	-5.11858e-06
-9.2	2.07425e-05	-4.63429e-06
-9.1	2.14727e-05	-4.69389e-06
-9	2.27244e-05	-4.94721e-06
-8.9	2.09661e-05	-4.38842e-06
-8.8	1.88203e-05	-3.71785e-06
-8.7	1.81572e-05	-3.48689e-06
-8.6	1.66894e-05	-3.03985e-06
-8.5	1.54228e-05	-2.73438e-06
-8.4	1.48938e-05	-2.52576e-06
-8.3	1.4186e-05	-2.31715e-06
-8.2	1.37389e-05	-2.16813e-06
-8.1	1.24798e-05	-1.90736e-06
-8	1.1921e-05	-1.76579e-06
-7.9	1.14292e-05	-1.71364e-06
-7.8	1.08034e-05	-1.58698e-06
-7.7	1.01477e-05	-1.40072e-06
-7.6	9.75287e-06	-1.31876e-06
-7.5	9.24623e-06	-1.207e-06
-7.4	8.97801e-06	-1.1623e-06
-7.3	8.65763e-06	-1.06544e-06
-7.2	8.46392e-06	-1.07289e-06
-7.1	8.2255e-06	-1.05799e-06
-7	7.86042e-06	-1.04309e-06
-6.9	7.52512e-06	-9.16425e-07
-6.8	7.09298e-06	-8.27018e-07
-6.7	6.6981e-06	-7.59963e-07
-6.6	6.30322e-06	-7.15259e-07
-6.5	6.07225e-06	-6.63105e-07
-6.4	5.77423e-06	-6.85457e-07
-6.3	5.56561e-06	-6.25852e-07
-6.2	5.36445e-06	-5.886e-07
-6.1	5.25269e-06	-5.51347e-07
-6	5.11858e-06	-5.36445e-07
-5.9	5.00682e-06	-5.51347e-07
-5.8	4.90251e-06	-5.21544e-07
-5.7	4.8131e-06	-4.91742e-07
-5.6	4.68644e-06	-4.91742e-07
-5.5	4.58214e-06	-5.06643e-07
-5.4	4.50763e-06	-4.91742e-07
-5.3	4.47038e-06	-4.24685e-07
-5.2	4.43312e-06	-3.94883e-07
-5.1	4.37352e-06	-4.32135e-07
-5	4.32882e-06	-4.32135e-07
-4.9	4.29156e-06	-4.76841e-07
-4.8	4.18726e-06	-4.02333e-07
-4.7	4.12765e-06	-4.47037e-07
-4.6	4.01589e-06	-3.87432e-07
-4.5	3.95629e-06	-3.94883e-07
-4.4	3.86688e-06	-3.79981e-07
-4.3	3.79981e-06	-3.5763e-07
-4.2	3.7253e-06	-3.27827e-07
-4.1	3.6657e-06	-3.79981e-07
-4	3.56884e-06	-3.72531e-07
-3.9	3.56884e-06	-3.87432e-07
-3.8	3.47944e-06	-3.27827e-07
-3.7	3.43473e-06	-2.98025e-07
-3.6	3.36023e-06	-2.98025e-07
-3.5	3.35278e-06	-3.12926e-07
-3.4	3.34533e-06	-3.20377e-07
-3.3	3.36768e-06	-3.20377e-07
-3.2	3.34533e-06	-3.6508e-07
-3.1	3.30807e-06	-3.12926e-07
-3	3.37513e-06	-3.20377e-07
-2.9	3.38258e-06	-3.20377e-07
-2.8	3.43473e-06	-3.05476e-07
-2.7	3.47944e-06	-3.20377e-07
-2.6	3.55394e-06	-3.27827e-07
-2.5	3.6061e-06	-3.50179e-07
-2.4	3.64335e-06	-3.20377e-07
-2.3	3.65825e-06	-3.94883e-07
-2.2	3.70295e-06	-3.79981e-07
-2.1	3.78491e-06	-3.5763e-07
-2	3.83708e-06	-4.09784e-07
-1.9	3.91158e-06	-3.79981e-07
-1.8	3.92649e-06	-3.87432e-07
-1.7	3.98609e-06	-3.79981e-07
-1.6	4.11275e-06	-4.02333e-07
-1.5	4.20961e-06	-4.32135e-07
-1.4	4.34372e-06	-4.39586e-07
-1.3	4.44803e-06	-4.47037e-07
-1.2	4.61939e-06	-4.47037e-07
-1.1	4.7535e-06	-5.36445e-07
-1	4.97702e-06	-5.43896e-07
-0.9	5.17818e-06	-6.03501e-07
-0.799999999999999	5.4315e-06	-6.25852e-07
-0.699999999999999	5.75933e-06	-6.63105e-07
-0.6	6.13931e-06	-7.00358e-07
-0.5	6.6981e-06	-7.97216e-07
-0.399999999999999	7.48041e-06	-9.76033e-07
-0.299999999999999	8.69489e-06	-1.2368e-06
-0.199999999999999	1.0781e-05	-1.70619e-06
-0.0999999999999996	1.4931e-05	-2.87594e-06
0	2.49745e-05	-6.66085e-06
0.100000000000001	3.05253e-05	-9.70071e-06
0.200000000000001	3.08754e-05	-9.85718e-06
0.300000000000001	2.55556e-05	-7.79337e-06
0.4	1.98187e-05	-5.9903e-06
0.5	1.54899e-05	-4.59704e-06
0.600000000000001	1.22339e-05	-2.96535e-06
0.700000000000001	1.01925e-05	-2.08618e-06
0.800000000000001	8.77684e-06	-1.56463e-06
0.9	7.65926e-06	-1.1623e-06
1	6.90672e-06	-9.68583e-07
1.1	6.37028e-06	-8.19568e-07
1.2	5.90834e-06	-7.67413e-07
1.3	5.45385e-06	-5.9605e-07
1.4	5.17073e-06	-6.25852e-07
1.5	4.82801e-06	-4.91742e-07
1.6	4.64174e-06	-5.06643e-07
1.7	4.47038e-06	-4.91742e-07
1.8	4.29901e-06	-4.47037e-07
1.9	4.12765e-06	-3.94883e-07
2	3.98609e-06	-4.17234e-07
2.1	3.90413e-06	-3.87432e-07
2.2	3.73276e-06	-3.87432e-07
2.3	3.64335e-06	-3.27827e-07
2.4	3.55394e-06	-3.12926e-07
2.5	3.37513e-06	-3.12926e-07
2.6	3.21121e-06	-2.98025e-07
2.7	3.0324e-06	-2.75673e-07
2.8	2.88339e-06	-2.68223e-07
2.9	2.78653e-06	-2.53322e-07
3	2.65987e-06	-2.01167e-07
3.1	2.54066e-06	-2.45871e-07
3.2	2.48851e-06	-2.60772e-07
3.3	2.46616e-06	-2.30969e-07
3.4	2.36185e-06	-2.01167e-07
3.5	2.33205e-06	-2.30969e-07
3.6	2.27244e-06	-2.08617e-07
3.7	2.29479e-06	-1.26661e-07
3.8	2.25754e-06	-1.86265e-07
3.9	2.25754e-06	-2.08617e-07
4	2.27244e-06	-2.16068e-07
4.1	2.24264e-06	-2.30969e-07
4.2	2.25754e-06	-2.16068e-07
4.3	2.28734e-06	-2.08617e-07
4.4	2.30224e-06	-2.45871e-07
4.5	2.33205e-06	-2.30969e-07
4.6	2.3842e-06	-2.01167e-07
4.7	2.39165e-06	-2.83124e-07
4.8	2.34695e-06	-1.56463e-07
4.9	2.31715e-06	-2.08617e-07
5	2.24264e-06	-2.30969e-07
5.1	2.12343e-06	-2.16068e-07
5.2	2.10853e-06	-1.93716e-07
5.3	2.02657e-06	-1.78815e-07
5.4	1.92971e-06	-1.41562e-07
5.5	1.93717e-06	-1.63914e-07
5.6	1.90736e-06	-1.56463e-07
5.7	1.91481e-06	-1.71364e-07
5.8	1.94462e-06	-1.41562e-07
5.9	1.92226e-06	-1.71364e-07
6	1.94462e-06	-1.78815e-07
6.1	1.93717e-06	-1.63914e-07
6.2	1.95952e-06	-1.71364e-07
6.3	2.01912e-06	-1.86265e-07
6.4	2.02657e-06	-2.16068e-07
6.5	2.11598e-06	-1.78815e-07
6.6	2.19049e-06	-2.01167e-07
6.7	2.24264e-06	-2.60772e-07
6.8	2.34695e-06	-2.3842e-07
6.9	2.53321e-06	-2.08617e-07
7	2.68222e-06	-2.30969e-07
7.1	2.89829e-06	-2.3842e-07
7.2	3.0771e-06	-3.05476e-07
7.3	3.24847e-06	-2.60772e-07
7.4	3.36023e-06	-2.83124e-07
7.5	3.44963e-06	-3.42729e-07
7.6	3.55394e-06	-3.05476e-07
7.7	3.621e-06	-3.05476e-07
7.8	3.74021e-06	-3.6508e-07
7.9	3.85198e-06	-3.72531e-07
8	3.96374e-06	-3.87432e-07
8.1	4.08295e-06	-4.32135e-07
8.2	4.1351e-06	-4.09784e-07
8.3	4.28411e-06	-4.39586e-07
8.4	4.37352e-06	-4.39586e-07
8.5	4.52998e-06	-4.69388e-07
8.6	4.62684e-06	-4.91742e-07
8.7	4.69389e-06	-5.14094e-07
8.8	4.84291e-06	-5.28995e-07
8.9	4.91741e-06	-5.66248e-07
9	5.14838e-06	-5.81149e-07
9.1	5.39425e-06	-6.10951e-07
9.2	5.99775e-06	-7.2271e-07
9.3	7.18239e-06	-9.01524e-07
9.4	1.05501e-05	-1.51993e-06
9.5	1.83062e-05	-3.18886e-06
9.6	4.15223e-05	-1.06916e-05
9.7	0.00012786	-9.55169e-05
9.8	9.58894e-05	-4.92933e-05
9.9	8.18898e-05	-3.77821e-05
10	7.08927e-05	-3.21122e-05
