# columns: Temperatures (K), nu, Resistance (ohms)
1.20000000e+01 9.94741152e-01 1.23023406e+04
1.30000000e+01 9.95758110e-01 1.21636142e+04
1.50000000e+01 9.89564439e-01 1.20835497e+04
1.60000000e+01 1.00880036e+00 1.22416956e+04
1.70000000e+01 1.00940746e+00 1.24628471e+04
1.80000000e+01 1.00662841e+00 1.25154746e+04
1.90000000e+01 1.01873626e+00 1.25396284e+04
2.00000000e+01 1.02058573e+00 1.29436068e+04
2.20000000e+01 1.03498181e+00 1.31311661e+04
2.40000000e+01 1.02114389e+00 1.35500968e+04
2.60000000e+01 1.02369909e+00 1.38426489e+04
2.80000000e+01 1.01626482e+00 1.41957992e+04
3.00000000e+01 1.02674535e+00 1.44389044e+04
3.20000000e+01 1.03269778e+00 1.47480644e+04
3.40000000e+01 1.02933690e+00 1.50731586e+04
3.60000000e+01 1.02730268e+00 1.53324917e+04
3.80000000e+01 1.02685390e+00 1.56401725e+04
4.00000000e+01 1.03125777e+00 1.58349210e+04
4.20000000e+01 1.03382864e+00 1.60920654e+04
4.40000000e+01 1.03226906e+00 1.63527750e+04
4.60000000e+01 1.04163828e+00 1.66101318e+04
4.80000000e+01 1.03300947e+00 1.68374991e+04
5.00000000e+01 1.05402444e+00 1.70979138e+04
5.20000000e+01 1.06557082e+00 1.73137862e+04
5.40000000e+01 1.07970377e+00 1.75422130e+04
5.60000000e+01 1.08086729e+00 1.77385296e+04
5.80000000e+01 1.06973941e+00 1.79548976e+04
6.00000000e+01 1.09303670e+00 1.81594712e+04
