# columns: Temperatures (K), nu, Resistance (ohms)
1.75000000e+00 1.93268242e+00 4.48459116e+04
2.00000000e+00 1.93307689e+00 4.32014677e+04
3.00000000e+00 1.94087513e+00 3.57821946e+04
4.00000000e+00 1.94624432e+00 3.05210102e+04
5.00000000e+00 1.95122558e+00 2.61129377e+04
7.00000000e+00 1.89578275e+00 2.16837975e+04
8.00000000e+00 1.90200830e+00 2.14947459e+04
9.00000000e+00 1.97912613e+00 1.96711721e+04
1.00000000e+01 1.97615847e+00 1.87062072e+04
1.10000000e+01 1.98896519e+00 1.84347315e+04
1.20000000e+01 2.04230900e+00 1.78773920e+04
1.30000000e+01 2.04386635e+00 1.78556811e+04
1.40000000e+01 2.02594732e+00 1.80309612e+04
1.50000000e+01 2.04949456e+00 1.77896716e+04
1.60000000e+01 2.07808921e+00 1.76701824e+04
1.70000000e+01 2.09276449e+00 1.76643340e+04
1.80000000e+01 2.09854841e+00 1.76904353e+04
1.90000000e+01 2.10016231e+00 1.77935051e+04
2.00000000e+01 2.13136715e+00 1.77683220e+04
2.20000000e+01 2.15834528e+00 1.79809749e+04
2.60000000e+01 2.21841564e+00 1.84386949e+04
