# columns: Temperatures (K), nu, Resistance (ohms)
1.10000000e+01 1.37613428e+00 1.91124393e+03
1.30000000e+01 1.23580598e+00 2.20344950e+03
1.40000000e+01 1.29525026e+00 2.37195723e+03
1.50000000e+01 1.31225121e+00 2.52511459e+03
1.60000000e+01 1.23594880e+00 2.69909518e+03
1.70000000e+01 1.23742822e+00 2.85462522e+03
1.80000000e+01 1.27970206e+00 2.98307495e+03
1.90000000e+01 1.21850813e+00 3.15588756e+03
2.00000000e+01 1.19052366e+00 3.30968170e+03
2.10000000e+01 1.19257961e+00 3.46158630e+03
2.20000000e+01 1.22118492e+00 3.58889992e+03
2.30000000e+01 1.14415948e+00 3.75313430e+03
2.40000000e+01 1.23843393e+00 3.88988967e+03
2.50000000e+01 1.13711179e+00 4.06207205e+03
2.60000000e+01 1.18276273e+00 4.20916468e+03
2.70000000e+01 1.10548644e+00 4.34399344e+03
2.80000000e+01 1.11546333e+00 4.48484547e+03
2.90000000e+01 1.11744370e+00 4.65352060e+03
3.00000000e+01 1.06299952e+00 4.77821016e+03
3.10000000e+01 1.10322656e+00 4.86395694e+03
3.20000000e+01 1.08244681e+00 5.08987161e+03
3.30000000e+01 1.09276969e+00 5.21674750e+03
3.40000000e+01 1.09656218e+00 5.31490448e+03
3.50000000e+01 1.07332896e+00 5.47064531e+03
3.60000000e+01 1.10724935e+00 5.59834657e+03
3.70000000e+01 1.08624973e+00 5.72369059e+03
3.80000000e+01 1.08190334e+00 5.84911138e+03
3.90000000e+01 1.05993592e+00 5.99393968e+03
4.00000000e+01 1.05702208e+00 6.10324946e+03
4.10000000e+01 1.04048532e+00 6.16110327e+03
4.20000000e+01 1.08900498e+00 6.23443396e+03
4.30000000e+01 1.01572941e+00 6.40827659e+03
4.40000000e+01 1.05651456e+00 6.57269382e+03
4.50000000e+01 1.06467999e+00 6.65593272e+03
4.60000000e+01 1.00630135e+00 6.78811577e+03
4.70000000e+01 1.01233871e+00 6.85342614e+03
4.80000000e+01 9.92843534e-01 6.97997583e+03
4.90000000e+01 9.96330165e-01 7.07050763e+03
5.00000000e+01 9.44141902e-01 7.12548301e+03
