# columns: Temperatures (K), nu, Resistance (ohms)
1.10000000e+01 1.32080615e+00 3.40441770e+03
1.30000000e+01 1.37948510e+00 3.84373740e+03
1.40000000e+01 1.29779912e+00 4.07297337e+03
1.50000000e+01 1.24499084e+00 4.29735467e+03
1.60000000e+01 1.34444331e+00 4.52579588e+03
1.70000000e+01 1.18772468e+00 4.74112413e+03
1.80000000e+01 1.18748284e+00 4.94671222e+03
1.90000000e+01 1.26848985e+00 5.17075058e+03
2.00000000e+01 1.19049334e+00 5.36182733e+03
2.10000000e+01 1.17985861e+00 5.54779315e+03
2.20000000e+01 1.14421120e+00 5.75706495e+03
2.30000000e+01 1.17992423e+00 5.93132339e+03
2.40000000e+01 1.19344534e+00 6.11501633e+03
2.50000000e+01 1.13911793e+00 6.29116573e+03
2.60000000e+01 1.16336275e+00 6.48438449e+03
2.70000000e+01 1.16194252e+00 6.68285483e+03
2.80000000e+01 1.18550868e+00 6.83305224e+03
2.90000000e+01 1.16598461e+00 6.99425276e+03
3.00000000e+01 1.13830192e+00 7.14518555e+03
3.10000000e+01 1.13024308e+00 7.23064277e+03
3.20000000e+01 1.16218926e+00 7.46807686e+03
3.30000000e+01 1.15303291e+00 7.61236348e+03
3.40000000e+01 1.12989774e+00 7.71439163e+03
3.50000000e+01 1.13453247e+00 7.86502340e+03
3.60000000e+01 1.11860508e+00 8.00490741e+03
3.70000000e+01 1.15258219e+00 8.14639890e+03
3.80000000e+01 1.08077898e+00 8.26313332e+03
3.90000000e+01 1.11850332e+00 8.39888892e+03
4.00000000e+01 1.06289736e+00 8.51312239e+03
4.10000000e+01 1.14306368e+00 8.58178191e+03
4.20000000e+01 1.10379204e+00 8.65378178e+03
4.30000000e+01 1.11713391e+00 8.81186999e+03
4.40000000e+01 1.15810552e+00 8.95474458e+03
4.50000000e+01 1.09792840e+00 9.05491347e+03
4.60000000e+01 1.05256150e+00 9.10702777e+03
4.70000000e+01 1.13959997e+00 9.28753134e+03
4.80000000e+01 1.14198396e+00 9.36761077e+03
4.90000000e+01 1.12203400e+00 9.44900744e+03
5.00000000e+01 1.09018853e+00 9.51200400e+03
