# columns: Temperatures (K), nu, Resistance (ohms)
1.80000000e+00 2.25007015e+00 2.82461165e+03
1.90000000e+00 2.24881063e+00 2.85075437e+03
2.00000000e+00 2.25701259e+00 2.86720124e+03
2.20000000e+00 2.26289834e+00 2.90357359e+03
2.40000000e+00 2.27032652e+00 2.95161537e+03
2.60000000e+00 2.27785841e+00 2.96501703e+03
2.80000000e+00 2.27631290e+00 2.99403555e+03
3.00000000e+00 2.29060442e+00 3.03165848e+03
3.20000000e+00 2.29896123e+00 3.07257415e+03
3.40000000e+00 2.30238946e+00 3.09861173e+03
3.60000000e+00 2.30537163e+00 3.13761980e+03
3.80000000e+00 2.31133527e+00 3.16582311e+03
4.00000000e+00 2.32121846e+00 3.20582093e+03
4.20000000e+00 2.32254390e+00 3.24394401e+03
4.40000000e+00 2.34796309e+00 3.26389015e+03
4.60000000e+00 2.33541574e+00 3.31847995e+03
4.80000000e+00 2.32223210e+00 3.35143054e+03
5.00000000e+00 2.35552159e+00 3.37030926e+03
5.20000000e+00 2.33201946e+00 3.40934568e+03
5.40000000e+00 2.34745184e+00 3.44705155e+03
5.60000000e+00 2.35292478e+00 3.48094164e+03
5.80000000e+00 2.34500148e+00 3.53170167e+03
6.00000000e+00 2.35936625e+00 3.56234107e+03
6.20000000e+00 2.35552834e+00 3.59780508e+03
6.40000000e+00 2.36939531e+00 3.63638143e+03
6.60000000e+00 2.36575363e+00 3.66667834e+03
6.80000000e+00 2.38563939e+00 3.71393529e+03
7.00000000e+00 2.37310237e+00 3.75317504e+03
7.20000000e+00 2.40497963e+00 3.77393665e+03
7.40000000e+00 2.41744237e+00 3.82096803e+03
7.60000000e+00 2.41165028e+00 3.87610967e+03
9.00000000e+00 2.44420668e+00 4.15712482e+03
