# columns: Temperatures (K), nu, Resistance (ohms)
2.00000000e+00 2.38624577e+00 1.23035995e+03
2.20000000e+00 2.37660743e+00 1.27599336e+03
2.60000000e+00 2.38149717e+00 1.31076162e+03
2.80000000e+00 2.38197592e+00 1.32495247e+03
3.00000000e+00 2.38260866e+00 1.34775080e+03
3.20000000e+00 2.38028513e+00 1.35785427e+03
3.60000000e+00 2.37176111e+00 1.38019055e+03
4.00000000e+00 2.37546288e+00 1.41375045e+03
4.20000000e+00 2.33110513e+00 1.44944431e+03
4.40000000e+00 2.37721385e+00 1.45590212e+03
4.60000000e+00 2.36087077e+00 1.47831861e+03
4.80000000e+00 2.34316686e+00 1.55403770e+03
5.00000000e+00 2.35220888e+00 1.58289723e+03
5.20000000e+00 2.37454204e+00 1.58781483e+03
5.40000000e+00 2.34020261e+00 1.60480188e+03
5.60000000e+00 2.35936286e+00 1.69214453e+03
5.80000000e+00 2.37729976e+00 1.69812576e+03
6.00000000e+00 2.34182097e+00 1.73542436e+03
6.20000000e+00 2.35549096e+00 1.74825959e+03
6.40000000e+00 2.33032965e+00 1.77388533e+03
6.60000000e+00 2.36740375e+00 1.78110044e+03
7.00000000e+00 2.32104693e+00 1.79854588e+03
7.20000000e+00 2.38628777e+00 1.83194695e+03
7.60000000e+00 2.33768630e+00 1.84529367e+03
7.80000000e+00 2.29438759e+00 1.86261452e+03
8.00000000e+00 2.34617024e+00 1.90203139e+03
8.20000000e+00 2.34092440e+00 1.92664287e+03
8.40000000e+00 2.30310833e+00 1.96107643e+03
8.60000000e+00 2.33629324e+00 2.01592538e+03
8.80000000e+00 2.35782825e+00 2.04596538e+03
9.00000000e+00 2.32729653e+00 2.06189640e+03
9.20000000e+00 2.30768831e+00 2.08906451e+03
9.40000000e+00 2.30405105e+00 2.14092446e+03
9.60000000e+00 2.31137728e+00 2.19093973e+03
9.80000000e+00 2.31340240e+00 2.21423184e+03
1.00000000e+01 2.29797267e+00 2.21427532e+03
1.10000000e+01 2.25057461e+00 2.31912108e+03
1.20000000e+01 2.32555941e+00 2.45824324e+03
1.30000000e+01 2.31619686e+00 2.57391654e+03
1.40000000e+01 2.30055409e+00 2.68863727e+03
1.50000000e+01 2.25366234e+00 2.82067010e+03
1.60000000e+01 2.25477901e+00 2.98299292e+03
1.70000000e+01 2.38755097e+00 3.08849837e+03
1.80000000e+01 2.27669557e+00 3.24490275e+03
1.90000000e+01 2.27864572e+00 3.36327638e+03
2.00000000e+01 2.34177001e+00 3.47556600e+03
2.10000000e+01 2.33569878e+00 3.58263480e+03
2.20000000e+01 2.22199529e+00 3.76983035e+03
2.30000000e+01 2.36979639e+00 3.85004320e+03
2.40000000e+01 2.24723358e+00 3.95229801e+03
2.50000000e+01 2.22171118e+00 4.09094019e+03
