# columns: Temperatures (K), nu, Resistance (ohms)
2.50000000e-01 9.20386593e-01 7.19670327e+03
3.00000000e-01 9.27979693e-01 6.60773713e+03
3.50000000e-01 9.16757463e-01 6.92788542e+03
4.00000000e-01 9.17342920e-01 7.11979079e+03
4.50000000e-01 9.29581645e-01 6.47727339e+03
5.00000000e-01 9.30950703e-01 6.37973113e+03
5.50000000e-01 9.44930457e-01 6.33963403e+03
6.00000000e-01 9.13764554e-01 6.59332681e+03
6.50000000e-01 9.17284712e-01 6.75798487e+03
7.00000000e-01 9.20095446e-01 6.72821795e+03
7.50000000e-01 9.24510299e-01 6.69884254e+03
8.00000000e-01 9.15117361e-01 6.73428031e+03
8.50000000e-01 9.13258775e-01 6.41636536e+03
9.00000000e-01 9.16083931e-01 6.39364105e+03
9.50000000e-01 9.12578524e-01 6.51053973e+03
1.00000000e+00 9.19123914e-01 6.97671501e+03
1.10000000e+00 9.18966771e-01 6.55444396e+03
1.20000000e+00 9.13686099e-01 6.50873217e+03
1.30000000e+00 9.15969013e-01 6.48096530e+03
1.40000000e+00 9.14738787e-01 6.26521103e+03
1.50000000e+00 9.19225108e-01 6.81953483e+03
1.60000000e+00 9.20423242e-01 6.81263478e+03
1.70000000e+00 9.16191592e-01 6.30040193e+03
1.80000000e+00 9.20336658e-01 6.72333814e+03
1.90000000e+00 9.13132829e-01 6.24466724e+03
2.00000000e+00 9.24863455e-01 6.70986673e+03
2.10000000e+00 9.21469970e-01 6.68020907e+03
2.20000000e+00 9.18636861e-01 6.26037856e+03
2.30000000e+00 9.14378677e-01 6.28343440e+03
2.40000000e+00 9.25266403e-01 6.67970009e+03
2.50000000e+00 9.28285521e-01 6.64369263e+03
2.60000000e+00 9.11002444e-01 6.23157875e+03
2.70000000e+00 9.25205029e-01 6.64164847e+03
2.80000000e+00 9.19740251e-01 6.25385762e+03
2.90000000e+00 9.26049756e-01 6.59335840e+03
3.00000000e+00 9.29825190e-01 6.57856909e+03
3.10000000e+00 9.18563190e-01 6.25714708e+03
3.20000000e+00 9.32515941e-01 6.56980926e+03
3.30000000e+00 9.18855737e-01 6.26180757e+03
3.40000000e+00 9.32835528e-01 6.52807671e+03
3.50000000e+00 9.33947271e-01 6.51756945e+03
3.60000000e+00 9.37913023e-01 6.45247379e+03
3.70000000e+00 9.28530606e-01 6.43483683e+03
3.80000000e+00 9.31432839e-01 6.39286299e+03
3.90000000e+00 9.32857985e-01 6.37360639e+03
4.00000000e+00 9.32386468e-01 6.36694023e+03
4.10000000e+00 9.34797629e-01 6.37756657e+03
4.20000000e+00 9.36845483e-01 6.38275225e+03
4.30000000e+00 9.37136726e-01 6.37422636e+03
4.40000000e+00 9.39477315e-01 6.36030446e+03
4.50000000e+00 9.44859675e-01 6.37482640e+03
4.60000000e+00 9.45093817e-01 6.37021421e+03
4.70000000e+00 9.44219296e-01 6.38394362e+03
4.80000000e+00 9.26785531e-01 6.37324658e+03
4.90000000e+00 9.42185484e-01 6.39064624e+03
5.00000000e+00 9.41662323e-01 6.39452036e+03
5.10000000e+00 9.51709523e-01 6.39836902e+03
5.20000000e+00 9.46129900e-01 6.40711337e+03
5.30000000e+00 9.46325974e-01 6.45049776e+03
5.40000000e+00 9.48123440e-01 6.46664605e+03
5.50000000e+00 9.53072359e-01 6.46994146e+03
5.60000000e+00 9.51384205e-01 6.51246462e+03
5.70000000e+00 9.47229244e-01 6.52776110e+03
5.80000000e+00 9.54961692e-01 6.53062035e+03
5.90000000e+00 9.52154798e-01 6.55968975e+03
6.00000000e+00 9.49497889e-01 6.58159825e+03
6.10000000e+00 9.50249849e-01 6.59836646e+03
6.20000000e+00 9.46197142e-01 6.63355957e+03
6.30000000e+00 9.50815706e-01 6.64549080e+03
6.40000000e+00 9.54504859e-01 6.64985514e+03
6.50000000e+00 9.53717313e-01 6.69339767e+03
6.60000000e+00 9.54143468e-01 6.70735830e+03
6.70000000e+00 9.53900326e-01 6.72376900e+03
6.80000000e+00 9.48039279e-01 6.75144610e+03
6.90000000e+00 9.47882327e-01 6.76453444e+03
7.00000000e+00 9.60776456e-01 6.77107222e+03
7.10000000e+00 9.54275816e-01 6.80008677e+03
7.20000000e+00 9.50223719e-01 6.79804942e+03
7.30000000e+00 9.52866382e-01 6.84384408e+03
7.40000000e+00 9.62835990e-01 6.86107574e+03
7.50000000e+00 9.62566838e-01 6.88126013e+03
7.60000000e+00 9.55045846e-01 6.88797430e+03
7.70000000e+00 9.52888374e-01 6.91677933e+03
7.80000000e+00 9.48828321e-01 6.92955487e+03
7.90000000e+00 9.48980565e-01 6.95684564e+03
8.00000000e+00 9.60527520e-01 6.99057980e+03
8.10000000e+00 9.55099119e-01 7.00431897e+03
8.20000000e+00 9.50578604e-01 7.03852087e+03
8.30000000e+00 9.54326475e-01 7.05358767e+03
8.40000000e+00 9.60115019e-01 7.06126272e+03
8.50000000e+00 9.63876998e-01 7.08669365e+03
8.60000000e+00 9.54724217e-01 7.09979228e+03
8.70000000e+00 9.64575244e-01 7.10876763e+03
8.80000000e+00 9.65240586e-01 7.13176403e+03
8.90000000e+00 9.60341697e-01 7.14310119e+03
9.00000000e+00 9.57112006e-01 7.14988262e+03
9.10000000e+00 9.63517984e-01 7.18172088e+03
9.20000000e+00 9.66376899e-01 7.20262130e+03
9.30000000e+00 9.52005483e-01 7.22443595e+03
9.40000000e+00 9.66636351e-01 7.24348249e+03
9.50000000e+00 9.55144004e-01 7.27174413e+03
9.60000000e+00 9.54001678e-01 7.27690709e+03
9.70000000e+00 9.52537703e-01 7.28521136e+03
9.80000000e+00 9.61414303e-01 7.30735707e+03
9.90000000e+00 9.54826163e-01 7.33559615e+03
1.00000000e+01 9.47684512e-01 7.37401817e+03
1.10000000e+01 9.70150857e-01 7.52248772e+03
1.20000000e+01 9.58789620e-01 7.67878470e+03
1.30000000e+01 9.44837037e-01 7.84043728e+03
1.40000000e+01 9.66736130e-01 7.97523929e+03
1.50000000e+01 9.62528384e-01 8.13520380e+03
1.60000000e+01 9.49152650e-01 8.26209248e+03
1.70000000e+01 9.56069183e-01 8.38872702e+03
1.80000000e+01 9.65909961e-01 8.51045638e+03
1.90000000e+01 9.71982997e-01 8.62993121e+03
2.00000000e+01 9.61250734e-01 8.74490047e+03
2.10000000e+01 9.61686089e-01 8.89751006e+03
2.20000000e+01 9.60181816e-01 8.97921283e+03
2.30000000e+01 9.74578057e-01 9.08611430e+03
2.40000000e+01 9.44635287e-01 9.18324435e+03
2.50000000e+01 9.75935765e-01 9.25866274e+03
2.60000000e+01 9.72584959e-01 9.35935846e+03
2.70000000e+01 9.52911200e-01 9.45005662e+03
2.80000000e+01 9.29480730e-01 9.51581810e+03
2.90000000e+01 9.94309552e-01 9.62130924e+03
3.00000000e+01 9.63594274e-01 9.70078621e+03
3.10000000e+01 9.52977354e-01 9.81017035e+03
3.20000000e+01 9.99913643e-01 9.87985987e+03
3.30000000e+01 9.85806754e-01 9.97402312e+03
3.40000000e+01 9.48626845e-01 1.00297517e+04
3.50000000e+01 9.50110409e-01 1.01064149e+04
3.60000000e+01 9.92830634e-01 1.02158548e+04
3.70000000e+01 9.85812378e-01 1.02838830e+04
3.80000000e+01 1.02087659e+00 1.03652723e+04
