# columns: Temperatures (K), nu, Resistance (ohms)
1.10000000e+01 1.35834471e+00 2.58526799e+03
1.20000000e+01 1.37208356e+00 2.70276623e+03
1.30000000e+01 1.33464302e+00 2.79252026e+03
1.40000000e+01 1.27526859e+00 2.90278561e+03
1.50000000e+01 1.25207386e+00 3.00637693e+03
1.60000000e+01 1.25872388e+00 3.11194691e+03
1.70000000e+01 1.23693897e+00 3.21860013e+03
1.80000000e+01 1.20609535e+00 3.32666505e+03
1.90000000e+01 1.23183985e+00 3.42180730e+03
2.00000000e+01 1.23208698e+00 3.51611504e+03
2.10000000e+01 1.16395399e+00 3.61170674e+03
2.20000000e+01 1.20880186e+00 3.69018350e+03
2.30000000e+01 1.21200133e+00 3.76855295e+03
2.40000000e+01 1.15335690e+00 3.86604045e+03
2.50000000e+01 1.20912443e+00 3.94836972e+03
2.60000000e+01 1.21146437e+00 4.01529906e+03
2.70000000e+01 1.14422289e+00 4.09697839e+03
2.80000000e+01 1.13826073e+00 4.17732275e+03
2.90000000e+01 1.13214130e+00 4.24415074e+03
3.00000000e+01 1.16066019e+00 4.30987893e+03
3.10000000e+01 1.15879282e+00 4.41441204e+03
3.20000000e+01 1.11437820e+00 4.47313253e+03
3.30000000e+01 1.13289123e+00 4.55159984e+03
3.40000000e+01 1.10827551e+00 4.59602419e+03
3.50000000e+01 1.15313796e+00 4.68200460e+03
3.60000000e+01 1.11969234e+00 4.74356753e+03
3.70000000e+01 1.12456907e+00 4.83307371e+03
3.80000000e+01 1.11849204e+00 4.87830689e+03
3.90000000e+01 1.13911862e+00 4.94511970e+03
4.00000000e+01 1.13547310e+00 5.00000133e+03
