# columns: Temperatures (K), nu, Resistance (ohms)
2.50000000e-02 1.91240920e+00 4.20807192e+04
5.00000000e-02 1.91089664e+00 4.20215816e+04
1.00000000e-01 1.90196074e+00 3.44636180e+04
1.50000000e-01 1.90883092e+00 3.09135967e+04
2.00000000e-01 1.90145423e+00 2.68231293e+04
2.50000000e-01 1.90199297e+00 2.43459560e+04
3.00000000e-01 1.90044485e+00 2.29206312e+04
3.50000000e-01 1.90066997e+00 2.13137943e+04
4.00000000e-01 1.89935355e+00 2.06487244e+04
4.50000000e-01 1.89876222e+00 1.88294979e+04
5.00000000e-01 1.90273673e+00 1.83789866e+04
5.50000000e-01 1.90222550e+00 1.75340705e+04
6.00000000e-01 1.89812310e+00 1.66614199e+04
6.50000000e-01 1.89740670e+00 1.60276308e+04
7.00000000e-01 1.89682162e+00 1.55537209e+04
7.50000000e-01 1.89653699e+00 1.50358366e+04
8.00000000e-01 1.89758819e+00 1.44728535e+04
8.50000000e-01 1.89583404e+00 1.41570957e+04
9.00000000e-01 1.89642778e+00 1.37476815e+04
9.50000000e-01 1.89466695e+00 1.33837500e+04
1.00000000e+00 1.89512028e+00 1.30813096e+04
1.10000000e+00 1.89307985e+00 1.25852614e+04
1.20000000e+00 1.89170790e+00 1.21601117e+04
1.30000000e+00 1.88887816e+00 1.15977862e+04
1.40000000e+00 1.88833187e+00 1.13799977e+04
1.50000000e+00 1.89483638e+00 1.09321634e+04
1.60000000e+00 1.89505291e+00 1.06231977e+04
1.70000000e+00 1.88972284e+00 1.05019434e+04
1.80000000e+00 1.89117148e+00 1.01963360e+04
1.90000000e+00 1.89344023e+00 1.01219713e+04
2.00000000e+00 1.88826696e+00 9.91337804e+03
2.10000000e+00 1.88870040e+00 9.74480757e+03
2.20000000e+00 1.88915146e+00 9.64026609e+03
2.30000000e+00 1.88957233e+00 9.49698094e+03
2.40000000e+00 1.88636723e+00 9.37628965e+03
2.50000000e+00 1.88924988e+00 9.32791856e+03
2.60000000e+00 1.89006186e+00 9.28062922e+03
2.70000000e+00 1.88736813e+00 9.19440939e+03
2.80000000e+00 1.88722912e+00 9.11844788e+03
2.90000000e+00 1.88608108e+00 9.05966190e+03
3.00000000e+00 1.88771916e+00 9.00380244e+03
3.10000000e+00 1.88773556e+00 8.96038362e+03
3.20000000e+00 1.89092637e+00 8.94593830e+03
3.30000000e+00 1.88681842e+00 8.91326936e+03
3.40000000e+00 1.88615078e+00 8.88079462e+03
3.50000000e+00 1.88604956e+00 8.86562490e+03
3.60000000e+00 1.88585087e+00 8.85661765e+03
3.70000000e+00 1.88498672e+00 8.84126720e+03
3.80000000e+00 1.88722103e+00 8.84350212e+03
3.90000000e+00 1.88653187e+00 8.85023069e+03
4.00000000e+00 1.88844277e+00 8.86301039e+03
4.10000000e+00 1.88836756e+00 8.82941276e+03
4.20000000e+00 1.89081003e+00 8.82554401e+03
4.30000000e+00 1.89090345e+00 8.83456000e+03
4.40000000e+00 1.89513149e+00 8.84218690e+03
4.50000000e+00 1.89366896e+00 8.88985633e+03
4.60000000e+00 1.89720349e+00 8.87926266e+03
4.70000000e+00 1.89438821e+00 8.89580480e+03
4.80000000e+00 1.89555614e+00 8.90650481e+03
4.90000000e+00 1.89630228e+00 8.91757325e+03
5.00000000e+00 1.89793005e+00 8.95538189e+03
5.10000000e+00 1.90024971e+00 8.97207943e+03
5.20000000e+00 1.90281898e+00 8.98746341e+03
5.30000000e+00 1.90478349e+00 8.99782205e+03
5.40000000e+00 1.90485640e+00 9.01857666e+03
5.50000000e+00 1.90740036e+00 9.05550102e+03
5.60000000e+00 1.90804789e+00 9.07784301e+03
5.70000000e+00 1.91215864e+00 9.08658375e+03
5.80000000e+00 1.91125267e+00 9.13780177e+03
5.90000000e+00 1.91324070e+00 9.15768802e+03
6.00000000e+00 1.91520768e+00 9.17873584e+03
6.10000000e+00 1.91827445e+00 9.22927671e+03
6.20000000e+00 1.92014335e+00 9.23623819e+03
6.30000000e+00 1.92065733e+00 9.27183438e+03
6.40000000e+00 1.92886066e+00 9.30075979e+03
6.50000000e+00 1.92610198e+00 9.32311254e+03
6.60000000e+00 1.92699424e+00 9.33885574e+03
6.70000000e+00 1.93192092e+00 9.38885894e+03
6.80000000e+00 1.93274170e+00 9.41135751e+03
6.90000000e+00 1.93093771e+00 9.46130802e+03
7.00000000e+00 1.93763561e+00 9.45335645e+03
7.10000000e+00 1.93864941e+00 9.51081624e+03
7.20000000e+00 1.93669148e+00 9.53792041e+03
7.30000000e+00 1.94146272e+00 9.57797289e+03
7.40000000e+00 1.94031141e+00 9.59514344e+03
7.50000000e+00 1.94314591e+00 9.64391269e+03
7.60000000e+00 1.94233909e+00 9.63304616e+03
7.70000000e+00 1.94481769e+00 9.68588247e+03
7.80000000e+00 1.95084432e+00 9.73294810e+03
7.90000000e+00 1.94653832e+00 9.75966900e+03
8.00000000e+00 1.94927688e+00 9.75596005e+03
8.10000000e+00 1.95331901e+00 9.80789393e+03
8.20000000e+00 1.95267268e+00 9.81392464e+03
8.30000000e+00 1.95613743e+00 9.86904747e+03
8.40000000e+00 1.95429968e+00 9.90249162e+03
8.50000000e+00 1.95937591e+00 9.92877301e+03
8.60000000e+00 1.96134642e+00 9.92726945e+03
8.70000000e+00 1.96024962e+00 9.96462196e+03
8.80000000e+00 1.96090331e+00 9.98629514e+03
8.90000000e+00 1.96373179e+00 1.00157555e+04
9.00000000e+00 1.96144875e+00 1.00266313e+04
9.10000000e+00 1.96681068e+00 1.00564844e+04
9.20000000e+00 1.96610832e+00 1.00985929e+04
9.30000000e+00 1.96947576e+00 1.00920807e+04
9.40000000e+00 1.96921354e+00 1.01396252e+04
9.50000000e+00 1.97043997e+00 1.01567948e+04
9.60000000e+00 1.97378955e+00 1.01851700e+04
9.70000000e+00 1.97038561e+00 1.01978687e+04
9.80000000e+00 1.97324478e+00 1.02285756e+04
9.90000000e+00 1.97723200e+00 1.02707574e+04
1.00000000e+01 1.97778843e+00 1.02639792e+04
1.10000000e+01 1.98288600e+00 1.04818727e+04
1.20000000e+01 1.99664365e+00 1.06741307e+04
1.30000000e+01 2.00092077e+00 1.08722390e+04
1.40000000e+01 2.02122587e+00 1.10130703e+04
1.50000000e+01 2.02768171e+00 1.11418139e+04
1.60000000e+01 2.02853206e+00 1.12899851e+04
1.70000000e+01 2.03236960e+00 1.14232712e+04
1.80000000e+01 2.04113733e+00 1.15513897e+04
1.90000000e+01 2.04447315e+00 1.16705163e+04
2.00000000e+01 2.05686549e+00 1.17705411e+04
2.10000000e+01 2.05918717e+00 1.18563331e+04
2.20000000e+01 2.05310945e+00 1.19827905e+04
2.30000000e+01 2.07076125e+00 1.20623656e+04
2.40000000e+01 2.10123434e+00 1.21495829e+04
2.50000000e+01 2.07696061e+00 1.22429262e+04
2.70000000e+01 2.09331078e+00 1.23974406e+04
3.00000000e+01 2.14184966e+00 1.26401390e+04
3.10000000e+01 2.09824724e+00 1.27276846e+04
3.20000000e+01 2.11735003e+00 1.27573213e+04
3.40000000e+01 2.21024599e+00 1.29064269e+04
