# columns: Temperatures (K), nu, Resistance (ohms)
1.00000000e+00 1.94620851e+00 2.06440071e+03
1.10000000e+00 1.95443350e+00 2.10431558e+03
1.20000000e+00 1.95938894e+00 2.14305217e+03
1.30000000e+00 1.95965215e+00 2.17583412e+03
1.40000000e+00 1.96305807e+00 2.17183931e+03
1.50000000e+00 1.97368568e+00 2.16884945e+03
1.60000000e+00 1.97671677e+00 2.17216980e+03
1.70000000e+00 1.97254922e+00 2.17450153e+03
1.80000000e+00 1.97306236e+00 2.17523877e+03
1.90000000e+00 1.98229396e+00 2.17154690e+03
2.00000000e+00 2.00059650e+00 2.17130851e+03
2.10000000e+00 1.99167765e+00 2.16875986e+03
2.20000000e+00 2.00791632e+00 2.17270203e+03
2.30000000e+00 1.99142285e+00 2.16251641e+03
2.40000000e+00 1.99488555e+00 2.16853104e+03
2.50000000e+00 2.00078401e+00 2.17043055e+03
2.60000000e+00 1.99312435e+00 2.18726650e+03
2.70000000e+00 2.01149140e+00 2.17052687e+03
2.80000000e+00 1.99403388e+00 2.18314154e+03
2.90000000e+00 2.00002394e+00 2.19105244e+03
3.00000000e+00 2.01975040e+00 2.16458512e+03
3.10000000e+00 2.01362472e+00 2.18708287e+03
3.20000000e+00 2.00566006e+00 2.18940359e+03
3.30000000e+00 2.02046590e+00 2.19459545e+03
3.40000000e+00 1.99699386e+00 2.20628568e+03
3.50000000e+00 2.01282126e+00 2.19725470e+03
3.60000000e+00 2.01713895e+00 2.22667940e+03
3.70000000e+00 2.02158695e+00 2.22614742e+03
3.80000000e+00 2.04104086e+00 2.23061571e+03
3.90000000e+00 2.06632650e+00 2.24328865e+03
4.00000000e+00 2.05100347e+00 2.23189791e+03
4.10000000e+00 2.06789108e+00 2.24974537e+03
4.20000000e+00 2.02779051e+00 2.24204658e+03
4.30000000e+00 2.03688672e+00 2.25738120e+03
4.40000000e+00 2.05641184e+00 2.26170684e+03
4.50000000e+00 2.05867948e+00 2.28531186e+03
4.60000000e+00 2.25980302e+00 2.25788993e+03
4.70000000e+00 2.08836371e+00 2.28841790e+03
4.80000000e+00 2.16217473e+00 2.28184464e+03
4.90000000e+00 2.05972404e+00 2.31134077e+03
5.00000000e+00 2.13718430e+00 2.31302030e+03
5.10000000e+00 2.12190222e+00 2.33593290e+03
5.20000000e+00 2.09815694e+00 2.35768390e+03
5.30000000e+00 2.07470118e+00 2.34673915e+03
5.40000000e+00 2.07101786e+00 2.36096388e+03
5.50000000e+00 2.14557329e+00 2.36657089e+03
5.60000000e+00 2.18702928e+00 2.38505705e+03
5.70000000e+00 2.13612081e+00 2.38912058e+03
5.80000000e+00 2.14307222e+00 2.40376212e+03
5.90000000e+00 2.13650660e+00 2.41169669e+03
6.00000000e+00 2.20577930e+00 2.41305587e+03
6.10000000e+00 2.15611542e+00 2.42497247e+03
6.20000000e+00 2.13962418e+00 2.44508632e+03
6.30000000e+00 2.17208812e+00 2.46374155e+03
6.40000000e+00 2.12645974e+00 2.46825251e+03
6.50000000e+00 2.18709378e+00 2.48249314e+03
6.60000000e+00 2.18400211e+00 2.48068507e+03
6.70000000e+00 2.24136415e+00 2.49098594e+03
6.80000000e+00 2.24626399e+00 2.50649421e+03
6.90000000e+00 2.25797016e+00 2.51829552e+03
7.00000000e+00 2.17722393e+00 2.53999479e+03
7.10000000e+00 2.18791712e+00 2.57130901e+03
7.20000000e+00 2.17951216e+00 2.56611509e+03
7.30000000e+00 2.18473276e+00 2.56792185e+03
7.40000000e+00 2.22179562e+00 2.57621468e+03
7.50000000e+00 2.24913609e+00 2.59668697e+03
7.60000000e+00 2.23996766e+00 2.61137992e+03
7.70000000e+00 2.27456371e+00 2.62273684e+03
7.80000000e+00 2.30158151e+00 2.62120900e+03
7.90000000e+00 2.21410011e+00 2.65287718e+03
8.00000000e+00 2.27154116e+00 2.65609640e+03
8.10000000e+00 2.21879757e+00 2.65971591e+03
8.20000000e+00 2.24372414e+00 2.67806061e+03
8.30000000e+00 2.30708602e+00 2.69377380e+03
8.40000000e+00 2.29607688e+00 2.70582167e+03
8.50000000e+00 2.38040536e+00 2.71479222e+03
8.60000000e+00 2.28709062e+00 2.72176490e+03
8.70000000e+00 2.27580900e+00 2.73948151e+03
8.80000000e+00 2.23632273e+00 2.74953220e+03
8.90000000e+00 2.24327361e+00 2.75082034e+03
9.00000000e+00 2.29506072e+00 2.77793051e+03
9.10000000e+00 2.34334996e+00 2.78024185e+03
9.20000000e+00 2.36452959e+00 2.79570061e+03
