# columns: Temperatures (K), nu, Resistance (ohms)
2.50000000e-02 2.00985864e+00 6.99790740e+03
5.00000000e-02 1.99840489e+00 7.04002559e+03
1.00000000e-01 1.99720875e+00 6.58073895e+03
1.50000000e-01 1.99462071e+00 6.14270972e+03
2.00000000e-01 1.98876031e+00 5.74217611e+03
2.50000000e-01 1.98701670e+00 5.52435472e+03
3.00000000e-01 1.98348836e+00 5.48236256e+03
3.50000000e-01 1.98219239e+00 5.39900731e+03
4.00000000e-01 1.98348870e+00 5.24212884e+03
4.50000000e-01 1.98260899e+00 5.19437668e+03
5.00000000e-01 1.98318877e+00 5.12801916e+03
5.50000000e-01 1.98230361e+00 5.08446818e+03
6.00000000e-01 1.98133953e+00 4.99410785e+03
6.50000000e-01 1.98132177e+00 4.91507646e+03
7.00000000e-01 1.98166835e+00 4.80305386e+03
7.50000000e-01 1.97893573e+00 4.63989921e+03
8.00000000e-01 1.98198512e+00 4.54556500e+03
8.50000000e-01 1.97771284e+00 4.44971769e+03
9.00000000e-01 1.97414133e+00 4.34698790e+03
9.50000000e-01 1.97273136e+00 4.31692346e+03
1.00000000e+00 1.97213722e+00 4.25278504e+03
1.10000000e+00 1.97182513e+00 4.16672847e+03
1.20000000e+00 1.97069481e+00 4.08821276e+03
1.30000000e+00 1.97093310e+00 3.95282866e+03
1.40000000e+00 1.97073482e+00 3.85201313e+03
1.50000000e+00 1.97114559e+00 3.79967670e+03
1.60000000e+00 1.97283579e+00 3.64911440e+03
1.70000000e+00 1.97252057e+00 3.60152680e+03
1.80000000e+00 1.97475467e+00 3.51123688e+03
1.90000000e+00 1.97458975e+00 3.43663857e+03
2.00000000e+00 1.98106905e+00 3.38131608e+03
2.10000000e+00 1.98481326e+00 3.33352961e+03
2.20000000e+00 1.98793647e+00 3.28462725e+03
2.30000000e+00 1.99579791e+00 3.22007972e+03
2.40000000e+00 2.00090050e+00 3.19189868e+03
2.50000000e+00 2.00788508e+00 3.11181654e+03
2.60000000e+00 2.01255363e+00 3.10111380e+03
2.70000000e+00 2.01605631e+00 3.04235201e+03
2.80000000e+00 2.02489009e+00 3.02870479e+03
2.90000000e+00 2.02920461e+00 3.01040823e+03
3.00000000e+00 2.03504963e+00 2.98432815e+03
3.10000000e+00 2.03987762e+00 2.96710374e+03
3.20000000e+00 2.04357281e+00 2.94713403e+03
3.30000000e+00 2.04422506e+00 2.94432728e+03
3.40000000e+00 2.05582945e+00 2.92253569e+03
3.50000000e+00 2.06215996e+00 2.92677894e+03
3.60000000e+00 2.07206586e+00 2.93009723e+03
3.70000000e+00 2.07815047e+00 2.89575029e+03
3.80000000e+00 2.07985445e+00 2.91023878e+03
3.90000000e+00 2.08764961e+00 2.90475623e+03
4.00000000e+00 2.09019040e+00 2.90236063e+03
4.10000000e+00 2.09483672e+00 2.90431883e+03
4.20000000e+00 2.09404459e+00 2.91167687e+03
4.30000000e+00 2.09188290e+00 2.92366015e+03
4.40000000e+00 2.10676322e+00 2.92211488e+03
4.50000000e+00 2.12462687e+00 2.91342370e+03
4.60000000e+00 2.10548993e+00 2.93421823e+03
4.70000000e+00 2.11746172e+00 2.94743658e+03
4.80000000e+00 2.12797884e+00 2.93736859e+03
4.90000000e+00 2.12540431e+00 2.96527864e+03
5.00000000e+00 2.12270940e+00 2.95792325e+03
5.10000000e+00 2.12881170e+00 2.96147388e+03
5.20000000e+00 2.15241476e+00 2.96089635e+03
5.30000000e+00 2.15227779e+00 2.98688816e+03
5.40000000e+00 2.14926092e+00 2.99360582e+03
5.50000000e+00 2.17830326e+00 2.97969904e+03
5.60000000e+00 2.15402679e+00 3.00860708e+03
5.70000000e+00 2.16562337e+00 3.01748857e+03
5.80000000e+00 2.16677241e+00 3.03401688e+03
5.90000000e+00 2.16722572e+00 3.04372167e+03
6.00000000e+00 2.17116075e+00 3.06147127e+03
6.10000000e+00 2.18509126e+00 3.05477887e+03
6.20000000e+00 2.18759406e+00 3.07745830e+03
6.30000000e+00 2.19287520e+00 3.08632920e+03
6.40000000e+00 2.19645301e+00 3.08244668e+03
6.50000000e+00 2.20756593e+00 3.10314986e+03
6.60000000e+00 2.18741403e+00 3.12518657e+03
6.80000000e+00 2.20418890e+00 3.14269036e+03
6.90000000e+00 2.21717692e+00 3.14632911e+03
7.00000000e+00 2.24219282e+00 3.15739611e+03
7.10000000e+00 2.21828592e+00 3.17769399e+03
7.20000000e+00 2.22831038e+00 3.18879234e+03
7.30000000e+00 2.24257876e+00 3.20271665e+03
7.40000000e+00 2.25438644e+00 3.20495178e+03
7.50000000e+00 2.25340560e+00 3.22882755e+03
7.60000000e+00 2.24265932e+00 3.23513263e+03
7.70000000e+00 2.24208374e+00 3.24660114e+03
7.80000000e+00 2.25474286e+00 3.26389665e+03
7.90000000e+00 2.22285962e+00 3.26687728e+03
8.00000000e+00 2.27227721e+00 3.28538152e+03
8.10000000e+00 2.27358173e+00 3.29401116e+03
8.20000000e+00 2.24378220e+00 3.29482356e+03
8.30000000e+00 2.25837798e+00 3.32354078e+03
8.40000000e+00 2.27469288e+00 3.34103835e+03
8.50000000e+00 2.28666262e+00 3.34538755e+03
8.60000000e+00 2.27202954e+00 3.36634943e+03
8.70000000e+00 2.30852971e+00 3.36859888e+03
8.80000000e+00 2.30424820e+00 3.38344958e+03
8.90000000e+00 2.29077496e+00 3.40029400e+03
9.00000000e+00 2.31208398e+00 3.41904293e+03
9.10000000e+00 2.28838563e+00 3.43495607e+03
9.20000000e+00 2.28507947e+00 3.44285604e+03
9.30000000e+00 2.30639031e+00 3.47514964e+03
9.40000000e+00 2.28570734e+00 3.47566957e+03
9.50000000e+00 2.29794361e+00 3.48288954e+03
9.60000000e+00 2.32445528e+00 3.50289160e+03
9.80000000e+00 2.32812834e+00 3.51154582e+03
9.90000000e+00 2.32258739e+00 3.52546019e+03
1.10000000e+01 2.35041810e+00 3.67572894e+03
1.20000000e+01 2.36441827e+00 3.78903871e+03
1.30000000e+01 2.41706026e+00 3.91814960e+03
