# columns: Temperatures (K), nu, Resistance (ohms)
1.10000000e+01 1.25723093e+00 2.31300256e+03
1.20000000e+01 1.13851514e+00 2.42537976e+03
1.30000000e+01 1.16782785e+00 2.53575979e+03
1.40000000e+01 1.14892993e+00 2.64233066e+03
1.50000000e+01 1.22173798e+00 2.73364631e+03
1.60000000e+01 1.12497600e+00 2.82976457e+03
1.70000000e+01 1.13553492e+00 2.93052090e+03
1.80000000e+01 1.10608045e+00 3.02862376e+03
1.90000000e+01 1.12872218e+00 3.12109240e+03
2.00000000e+01 1.05570893e+00 3.18239655e+03
2.10000000e+01 1.12873720e+00 3.27011959e+03
2.20000000e+01 1.10721716e+00 3.35915234e+03
2.30000000e+01 1.06836834e+00 3.42484151e+03
2.40000000e+01 1.07369018e+00 3.49260614e+03
2.50000000e+01 1.04856466e+00 3.57610009e+03
2.60000000e+01 1.09138381e+00 3.65990480e+03
2.70000000e+01 1.07151972e+00 3.72280078e+03
2.80000000e+01 1.10952185e+00 3.78761762e+03
2.90000000e+01 1.03472379e+00 3.85626190e+03
3.00000000e+01 1.06758832e+00 3.92204963e+03
3.10000000e+01 1.08818359e+00 3.98628649e+03
3.20000000e+01 1.05422379e+00 4.05160151e+03
3.30000000e+01 1.05775937e+00 4.12316790e+03
3.40000000e+01 1.05821415e+00 4.19451954e+03
3.50000000e+01 1.06817249e+00 4.24552949e+03
3.60000000e+01 1.05341931e+00 4.31687339e+03
3.70000000e+01 1.02149333e+00 4.37632852e+03
3.80000000e+01 1.07316809e+00 4.43412806e+03
3.90000000e+01 1.03672229e+00 4.49398853e+03
4.00000000e+01 1.03614076e+00 4.54118623e+03
