# columns: Temperatures (K), nu, Resistance (ohms)
2.50000000e-02 1.96478800e+00 3.72797439e+03
5.00000000e-02 1.96932519e+00 3.87963421e+03
1.00000000e-01 1.97618875e+00 3.89403165e+03
1.50000000e-01 1.98188452e+00 3.77765821e+03
2.00000000e-01 1.98226414e+00 3.62453121e+03
2.50000000e-01 1.98347521e+00 3.48840458e+03
3.00000000e-01 1.98267244e+00 3.37639547e+03
3.50000000e-01 1.98295030e+00 3.30075376e+03
4.00000000e-01 1.98224613e+00 3.26454434e+03
4.50000000e-01 1.98419874e+00 3.28099632e+03
5.00000000e-01 1.98514909e+00 3.30948770e+03
5.50000000e-01 1.98421427e+00 3.36068527e+03
6.00000000e-01 1.98423667e+00 3.37613639e+03
6.50000000e-01 1.98357866e+00 3.39755168e+03
7.00000000e-01 1.98309509e+00 3.40530157e+03
7.50000000e-01 1.98254641e+00 3.38260926e+03
8.00000000e-01 1.98302823e+00 3.38537301e+03
8.50000000e-01 1.98355421e+00 3.35967489e+03
9.00000000e-01 1.98313749e+00 3.34849929e+03
9.50000000e-01 1.98173994e+00 3.30258584e+03
1.00000000e+00 1.98460660e+00 3.30091426e+03
1.10000000e+00 1.98184853e+00 3.24111040e+03
1.20000000e+00 1.98115166e+00 3.20520826e+03
1.30000000e+00 1.98247347e+00 3.14865192e+03
1.40000000e+00 1.98285303e+00 3.12643313e+03
1.50000000e+00 1.98058316e+00 3.08515367e+03
1.60000000e+00 1.98329506e+00 3.01561139e+03
1.70000000e+00 1.98528238e+00 3.01035078e+03
1.80000000e+00 1.98918808e+00 2.96044749e+03
1.90000000e+00 1.99068220e+00 2.95132740e+03
2.00000000e+00 1.98872284e+00 2.92539069e+03
2.10000000e+00 1.99369723e+00 2.90496055e+03
2.20000000e+00 1.99530268e+00 2.86903451e+03
2.30000000e+00 1.99591878e+00 2.85885092e+03
2.40000000e+00 2.00005752e+00 2.84253867e+03
2.50000000e+00 2.00478529e+00 2.81015986e+03
2.60000000e+00 2.00591657e+00 2.80201703e+03
2.70000000e+00 2.00936005e+00 2.80247880e+03
2.80000000e+00 2.00691847e+00 2.78383494e+03
2.90000000e+00 2.01228718e+00 2.77881904e+03
3.00000000e+00 2.01734503e+00 2.76764139e+03
3.10000000e+00 2.01946146e+00 2.75864924e+03
3.20000000e+00 2.02218363e+00 2.75011113e+03
3.30000000e+00 2.01974903e+00 2.76740751e+03
3.40000000e+00 2.03346387e+00 2.75153541e+03
3.50000000e+00 2.04045872e+00 2.73331471e+03
3.60000000e+00 2.04423476e+00 2.75059060e+03
3.70000000e+00 2.04081539e+00 2.75022768e+03
3.80000000e+00 2.04953182e+00 2.76595709e+03
3.90000000e+00 2.05096266e+00 2.74547150e+03
4.00000000e+00 2.05655066e+00 2.75911122e+03
4.10000000e+00 2.06829555e+00 2.74896477e+03
4.20000000e+00 2.06902575e+00 2.76828302e+03
4.30000000e+00 2.06997451e+00 2.77393310e+03
4.40000000e+00 2.06207245e+00 2.77528649e+03
4.50000000e+00 2.08847489e+00 2.78342811e+03
4.60000000e+00 2.08003075e+00 2.78515932e+03
4.70000000e+00 2.08651516e+00 2.81024128e+03
4.80000000e+00 2.09007771e+00 2.80678175e+03
4.90000000e+00 2.10966931e+00 2.82193565e+03
5.00000000e+00 2.12154222e+00 2.82815166e+03
5.10000000e+00 2.08918990e+00 2.83306780e+03
5.20000000e+00 2.12362682e+00 2.84781222e+03
5.30000000e+00 2.11918299e+00 2.86772836e+03
5.40000000e+00 2.12411479e+00 2.87009162e+03
5.50000000e+00 2.10497681e+00 2.88448727e+03
5.60000000e+00 2.12629759e+00 2.89731384e+03
5.70000000e+00 2.13777762e+00 2.89261498e+03
5.80000000e+00 2.13687642e+00 2.91742075e+03
5.90000000e+00 2.14859624e+00 2.92648180e+03
6.00000000e+00 2.14160423e+00 2.91468926e+03
6.10000000e+00 2.14613425e+00 2.93543150e+03
6.20000000e+00 2.16337290e+00 2.95330534e+03
6.30000000e+00 2.18610418e+00 2.97402016e+03
6.40000000e+00 2.16062719e+00 2.98378017e+03
6.50000000e+00 2.17624499e+00 2.99085451e+03
6.60000000e+00 2.18252802e+00 3.00327908e+03
6.70000000e+00 2.17552170e+00 3.02097387e+03
6.80000000e+00 2.18267484e+00 3.03550754e+03
6.90000000e+00 2.12925774e+00 3.03346495e+03
7.00000000e+00 2.18958942e+00 3.04567478e+03
7.10000000e+00 2.16852656e+00 3.06258893e+03
7.20000000e+00 2.18185487e+00 3.06887690e+03
7.30000000e+00 2.18777828e+00 3.08286220e+03
7.40000000e+00 2.18435320e+00 3.08795857e+03
7.50000000e+00 2.21257935e+00 3.10861464e+03
7.60000000e+00 2.22284142e+00 3.12183272e+03
7.70000000e+00 2.22474724e+00 3.12280956e+03
7.80000000e+00 2.24733018e+00 3.14383855e+03
7.90000000e+00 2.23613191e+00 3.14590443e+03
8.00000000e+00 2.20956476e+00 3.17734843e+03
8.10000000e+00 2.28628532e+00 3.20032647e+03
8.20000000e+00 2.25971153e+00 3.19378939e+03
8.30000000e+00 2.24211093e+00 3.20816335e+03
8.40000000e+00 2.26136674e+00 3.22240270e+03
8.50000000e+00 2.25417844e+00 3.22633408e+03
8.60000000e+00 2.28494605e+00 3.24845942e+03
8.70000000e+00 2.23919184e+00 3.25764472e+03
8.80000000e+00 2.24186139e+00 3.26690719e+03
8.90000000e+00 2.31453792e+00 3.27661656e+03
9.00000000e+00 2.29066168e+00 3.30238495e+03
9.10000000e+00 2.30238209e+00 3.31938414e+03
9.20000000e+00 2.23700194e+00 3.32169953e+03
9.30000000e+00 2.29388580e+00 3.34284558e+03
9.40000000e+00 2.24578421e+00 3.35850863e+03
9.50000000e+00 2.28897890e+00 3.36766703e+03
9.60000000e+00 2.31329182e+00 3.38086103e+03
9.70000000e+00 2.26405308e+00 3.38778344e+03
9.80000000e+00 2.33171609e+00 3.40243287e+03
1.00000000e+01 2.33418127e+00 3.42616260e+03
1.10000000e+01 2.34673711e+00 3.56335532e+03
