# columns: Temperatures (K), nu, Resistance (ohms)
1.40000000e+01 1.16075468e+00 2.86654372e+03
1.50000000e+01 1.20416124e+00 2.95747413e+03
1.60000000e+01 1.23484160e+00 3.06426702e+03
1.70000000e+01 1.20413890e+00 3.17170744e+03
1.80000000e+01 1.16815745e+00 3.26801823e+03
1.90000000e+01 1.20177820e+00 3.36465347e+03
2.00000000e+01 1.17422799e+00 3.44970672e+03
2.10000000e+01 1.17969242e+00 3.54050525e+03
2.20000000e+01 1.15854769e+00 3.63972791e+03
2.30000000e+01 1.12647201e+00 3.71579082e+03
2.40000000e+01 1.16094070e+00 3.78738438e+03
2.50000000e+01 1.19266547e+00 3.88867176e+03
2.60000000e+01 1.10735006e+00 3.96050275e+03
2.70000000e+01 1.14367448e+00 4.03870936e+03
2.80000000e+01 1.12868038e+00 4.10331510e+03
2.90000000e+01 1.12595812e+00 4.16527624e+03
3.00000000e+01 1.10060934e+00 4.26025494e+03
3.10000000e+01 1.11954559e+00 4.33618152e+03
3.20000000e+01 1.11566073e+00 4.40862172e+03
3.30000000e+01 1.08375788e+00 4.48440615e+03
3.40000000e+01 1.10175001e+00 4.55032005e+03
3.50000000e+01 1.10656452e+00 4.58857487e+03
3.60000000e+01 1.09538881e+00 4.67824380e+03
3.70000000e+01 1.07292585e+00 4.73703353e+03
3.80000000e+01 1.10646334e+00 4.80198053e+03
3.90000000e+01 1.06232635e+00 4.87523475e+03
4.00000000e+01 1.10220660e+00 4.91752091e+03
