# columns: Temperatures (K), nu, Resistance (ohms)
2.50000000e-01 2.23295042e+00 4.20260919e+02
3.00000000e-01 2.24118498e+00 4.23810970e+02
3.50000000e-01 2.23592225e+00 4.32148755e+02
4.00000000e-01 2.23209592e+00 4.26010029e+02
4.50000000e-01 2.23791020e+00 4.27585624e+02
5.00000000e-01 2.25069460e+00 4.27270956e+02
5.50000000e-01 2.24272874e+00 4.28327686e+02
6.00000000e-01 2.23477150e+00 4.31930973e+02
6.50000000e-01 2.23701623e+00 4.31307487e+02
7.00000000e-01 2.23826358e+00 4.27125829e+02
7.50000000e-01 2.23610296e+00 4.34334085e+02
8.00000000e-01 2.24562319e+00 4.31454529e+02
8.50000000e-01 2.23454354e+00 4.31054089e+02
9.00000000e-01 2.23842614e+00 4.29774409e+02
9.50000000e-01 2.23659822e+00 4.36380891e+02
1.00000000e+00 2.25448080e+00 4.31807980e+02
1.05000000e+00 2.23294289e+00 4.35172698e+02
1.10000000e+00 2.24294844e+00 4.33378421e+02
1.15000000e+00 2.24796068e+00 4.35388612e+02
1.20000000e+00 2.23206751e+00 4.31425101e+02
1.25000000e+00 2.23302881e+00 4.32460198e+02
1.30000000e+00 2.24102445e+00 4.36077637e+02
1.35000000e+00 2.23702344e+00 4.32627403e+02
1.40000000e+00 2.23866272e+00 4.33511871e+02
1.45000000e+00 2.23632699e+00 4.32408428e+02
1.50000000e+00 2.23135474e+00 4.32664803e+02
1.55000000e+00 2.23752865e+00 4.36084901e+02
1.60000000e+00 2.23832785e+00 4.37471344e+02
1.65000000e+00 2.23737350e+00 4.35607582e+02
1.70000000e+00 2.23333876e+00 4.35688431e+02
1.75000000e+00 2.23189509e+00 4.35832405e+02
1.80000000e+00 2.23901187e+00 4.36734211e+02
1.85000000e+00 2.23475805e+00 4.37951332e+02
1.90000000e+00 2.23619179e+00 4.36765808e+02
1.95000000e+00 2.23612995e+00 4.43790965e+02
2.00000000e+00 2.22860578e+00 4.33779544e+02
2.10000000e+00 2.23103291e+00 4.39893682e+02
2.20000000e+00 2.23363516e+00 4.39317091e+02
2.30000000e+00 2.23461275e+00 4.44524313e+02
2.40000000e+00 2.21954129e+00 4.45634602e+02
2.50000000e+00 2.24001025e+00 4.45459150e+02
2.60000000e+00 2.22714775e+00 4.50495812e+02
2.70000000e+00 2.23463677e+00 4.53388600e+02
2.80000000e+00 2.22996003e+00 4.55664871e+02
2.90000000e+00 2.24000402e+00 4.54348750e+02
3.00000000e+00 2.24494827e+00 4.61794927e+02
3.10000000e+00 2.23770509e+00 4.62327210e+02
3.20000000e+00 2.23339858e+00 4.60009254e+02
3.30000000e+00 2.25268337e+00 4.71305897e+02
3.40000000e+00 2.24995927e+00 4.72110930e+02
3.50000000e+00 2.25856909e+00 4.75305631e+02
3.60000000e+00 2.24519162e+00 4.82816283e+02
3.70000000e+00 2.25032957e+00 4.87922453e+02
3.80000000e+00 2.23637104e+00 4.90865563e+02
3.90000000e+00 2.28436136e+00 4.99142709e+02
4.00000000e+00 2.26801852e+00 5.00364944e+02
4.10000000e+00 2.24343158e+00 5.04551716e+02
4.20000000e+00 2.26818236e+00 5.15519894e+02
4.30000000e+00 2.27284039e+00 5.23943140e+02
4.40000000e+00 2.23475081e+00 5.20123731e+02
4.50000000e+00 2.27239529e+00 5.35485765e+02
4.60000000e+00 2.30080566e+00 5.43662814e+02
4.70000000e+00 2.24278653e+00 5.45013523e+02
4.80000000e+00 2.31760138e+00 5.62857464e+02
4.90000000e+00 2.28876266e+00 5.60771588e+02
5.00000000e+00 2.30929584e+00 5.69575034e+02
