# columns: Temperatures (K), nu, Resistance (ohms)
6.00000000e+00 1.06175760e+00 6.99309911e+02
6.10000000e+00 1.11182907e+00 7.11293929e+02
6.20000000e+00 1.08384153e+00 7.29248143e+02
6.30000000e+00 1.11095098e+00 7.15790397e+02
6.40000000e+00 1.02142237e+00 7.14109853e+02
6.50000000e+00 1.10412895e+00 7.44196135e+02
6.60000000e+00 1.11847834e+00 7.45491997e+02
6.70000000e+00 1.07789565e+00 7.48203460e+02
6.80000000e+00 1.02701029e+00 7.66357280e+02
6.90000000e+00 1.04265490e+00 7.70593589e+02
7.00000000e+00 1.07920212e+00 7.85986241e+02
7.10000000e+00 1.04819114e+00 7.81608264e+02
7.20000000e+00 1.05866413e+00 7.98111819e+02
7.30000000e+00 1.07709763e+00 8.04934817e+02
7.40000000e+00 1.05539616e+00 8.15663394e+02
7.50000000e+00 1.04649595e+00 8.35701465e+02
7.60000000e+00 1.07597208e+00 8.16240587e+02
7.70000000e+00 1.09666250e+00 8.38457187e+02
7.80000000e+00 1.06618413e+00 8.44789738e+02
7.90000000e+00 1.08661259e+00 8.59343469e+02
8.00000000e+00 1.08821258e+00 8.65976570e+02
8.10000000e+00 1.06001877e+00 8.78199548e+02
8.20000000e+00 1.08556118e+00 8.88889949e+02
8.30000000e+00 1.05839225e+00 8.92701224e+02
8.40000000e+00 1.11867661e+00 9.00275975e+02
8.50000000e+00 1.04464844e+00 9.21108413e+02
8.60000000e+00 1.02499695e+00 9.14903273e+02
8.70000000e+00 1.05342069e+00 9.29146957e+02
8.80000000e+00 1.06880726e+00 9.26420876e+02
8.90000000e+00 1.08225991e+00 9.54683043e+02
9.00000000e+00 1.05416010e+00 9.48955082e+02
9.10000000e+00 1.09208511e+00 9.50633523e+02
9.20000000e+00 1.10199440e+00 9.71690743e+02
9.30000000e+00 1.06108850e+00 9.84313525e+02
9.40000000e+00 1.05518659e+00 9.91926339e+02
9.50000000e+00 1.06961541e+00 9.99424226e+02
9.60000000e+00 1.10851222e+00 9.96351144e+02
9.70000000e+00 1.03481178e+00 1.01093729e+03
9.80000000e+00 1.05038924e+00 1.01812016e+03
9.90000000e+00 1.04216448e+00 1.03620026e+03
1.00000000e+01 1.02801689e+00 1.03740141e+03
1.05000000e+01 1.01979816e+00 1.09078563e+03
1.10000000e+01 1.05037414e+00 1.14505127e+03
1.15000000e+01 1.06511437e+00 1.17429364e+03
1.20000000e+01 1.03840702e+00 1.23050867e+03
1.25000000e+01 1.04146365e+00 1.24286079e+03
1.30000000e+01 1.02253998e+00 1.28926042e+03
1.35000000e+01 1.02134039e+00 1.33682109e+03
1.40000000e+01 1.04621798e+00 1.38628115e+03
1.45000000e+01 1.02158882e+00 1.42644098e+03
1.50000000e+01 1.01939856e+00 1.46992438e+03
1.55000000e+01 1.00952764e+00 1.51247618e+03
1.60000000e+01 1.01639215e+00 1.54900647e+03
1.65000000e+01 1.01179224e+00 1.58916324e+03
1.70000000e+01 1.01875761e+00 1.64072927e+03
1.75000000e+01 1.00669285e+00 1.66757698e+03
1.80000000e+01 1.00962344e+00 1.70542203e+03
1.85000000e+01 1.00972938e+00 1.75388522e+03
1.90000000e+01 9.92886308e-01 1.79044823e+03
1.95000000e+01 9.96074067e-01 1.82268664e+03
2.00000000e+01 1.00449346e+00 1.88236737e+03
2.05000000e+01 9.82894740e-01 1.90546066e+03
2.10000000e+01 1.00429588e+00 1.93934665e+03
2.15000000e+01 9.86241953e-01 1.96114989e+03
2.20000000e+01 9.92474714e-01 2.01951529e+03
2.25000000e+01 9.81490103e-01 2.04644168e+03
2.30000000e+01 9.85547571e-01 2.08411758e+03
2.35000000e+01 1.01603814e+00 2.11841355e+03
2.40000000e+01 9.91872231e-01 2.17539238e+03
2.45000000e+01 9.96469503e-01 2.18627054e+03
2.50000000e+01 9.96880991e-01 2.22481102e+03
2.55000000e+01 9.94178533e-01 2.28082598e+03
2.60000000e+01 9.77906983e-01 2.30795631e+03
2.65000000e+01 9.87350526e-01 2.34659303e+03
2.70000000e+01 9.71585113e-01 2.37754612e+03
2.75000000e+01 9.84066300e-01 2.42854243e+03
2.80000000e+01 9.84063688e-01 2.47164013e+03
2.85000000e+01 9.81665016e-01 2.50546079e+03
2.90000000e+01 9.61895203e-01 2.53807481e+03
2.95000000e+01 9.47937682e-01 2.57889530e+03
3.00000000e+01 9.79764552e-01 2.63039167e+03
3.05000000e+01 9.70935596e-01 2.66977893e+03
3.10000000e+01 9.80178764e-01 2.67930876e+03
3.15000000e+01 9.69049742e-01 2.74046964e+03
3.20000000e+01 9.75543357e-01 2.77574834e+03
3.25000000e+01 9.63382502e-01 2.79850522e+03
3.30000000e+01 9.83914216e-01 2.85198617e+03
3.35000000e+01 9.44408109e-01 2.89131946e+03
3.40000000e+01 9.64346923e-01 2.92994858e+03
3.45000000e+01 9.60404238e-01 2.98034411e+03
3.50000000e+01 9.52021740e-01 3.02431964e+03
3.55000000e+01 9.37439122e-01 3.04497798e+03
3.60000000e+01 9.40494892e-01 3.08280351e+03
3.65000000e+01 9.57377614e-01 3.15293976e+03
3.70000000e+01 9.44902680e-01 3.16275382e+03
3.75000000e+01 9.30808821e-01 3.21433284e+03
3.80000000e+01 9.46328417e-01 3.23821536e+03
3.85000000e+01 9.47458742e-01 3.28553711e+03
3.90000000e+01 9.04194318e-01 3.33805276e+03
