# columns: Temperatures (K), nu, Resistance (ohms)
1.00000000e+00 1.97337376e+00 1.48910621e+03
1.05000000e+00 1.97055220e+00 1.52612038e+03
1.10000000e+00 1.96891544e+00 1.54038844e+03
1.15000000e+00 1.96680352e+00 1.55244724e+03
1.20000000e+00 1.96347427e+00 1.56809355e+03
1.25000000e+00 1.96096225e+00 1.59468106e+03
1.30000000e+00 1.95925619e+00 1.61116460e+03
1.35000000e+00 1.95622580e+00 1.60017512e+03
1.40000000e+00 1.95507772e+00 1.62358422e+03
1.45000000e+00 1.95545570e+00 1.61019350e+03
1.50000000e+00 1.95431866e+00 1.60503075e+03
1.55000000e+00 1.95356518e+00 1.61355458e+03
1.60000000e+00 1.95386836e+00 1.59447071e+03
1.65000000e+00 1.95272718e+00 1.60167841e+03
1.70000000e+00 1.95245609e+00 1.59046296e+03
1.75000000e+00 1.94900020e+00 1.57473119e+03
1.80000000e+00 1.95284984e+00 1.56209602e+03
1.85000000e+00 1.94829471e+00 1.54997329e+03
1.90000000e+00 1.94828290e+00 1.54632428e+03
1.95000000e+00 1.94799549e+00 1.52935604e+03
2.00000000e+00 1.94643108e+00 1.53139556e+03
2.10000000e+00 1.94478395e+00 1.51900338e+03
2.20000000e+00 1.94526497e+00 1.49537982e+03
2.30000000e+00 1.94539999e+00 1.47257564e+03
2.40000000e+00 1.94455759e+00 1.46692543e+03
2.50000000e+00 1.94460404e+00 1.44636429e+03
2.60000000e+00 1.94425451e+00 1.43599175e+03
2.70000000e+00 1.94324174e+00 1.43923319e+03
2.80000000e+00 1.94279417e+00 1.42440852e+03
2.90000000e+00 1.94113213e+00 1.39563054e+03
3.00000000e+00 1.94651073e+00 1.39333603e+03
3.10000000e+00 1.94622503e+00 1.38801025e+03
3.20000000e+00 1.94468646e+00 1.37981055e+03
3.30000000e+00 1.94167759e+00 1.36798709e+03
3.40000000e+00 1.94350376e+00 1.37142517e+03
3.50000000e+00 1.94382738e+00 1.38310099e+03
3.60000000e+00 1.94517594e+00 1.35713904e+03
3.70000000e+00 1.94485405e+00 1.36412002e+03
3.80000000e+00 1.94206039e+00 1.34147219e+03
3.90000000e+00 1.94741379e+00 1.34963911e+03
4.00000000e+00 1.94829354e+00 1.33994164e+03
4.10000000e+00 1.94496344e+00 1.35684077e+03
4.20000000e+00 1.95085312e+00 1.33259794e+03
4.30000000e+00 1.94995607e+00 1.35763487e+03
4.40000000e+00 1.94652448e+00 1.36186050e+03
4.50000000e+00 1.95237276e+00 1.36297324e+03
4.60000000e+00 1.95282633e+00 1.35042656e+03
4.70000000e+00 1.95254202e+00 1.36807489e+03
4.80000000e+00 1.95209200e+00 1.35683436e+03
4.90000000e+00 1.95256613e+00 1.35831663e+03
5.00000000e+00 1.95636715e+00 1.36383085e+03
5.10000000e+00 1.95864315e+00 1.38442974e+03
5.20000000e+00 1.96467273e+00 1.36241120e+03
5.30000000e+00 1.96469114e+00 1.37993816e+03
5.40000000e+00 1.96777685e+00 1.39234505e+03
5.50000000e+00 1.97024963e+00 1.39809747e+03
5.60000000e+00 1.96420487e+00 1.39628289e+03
5.70000000e+00 1.96680973e+00 1.41183031e+03
5.80000000e+00 1.97213097e+00 1.39979683e+03
5.90000000e+00 1.97740069e+00 1.40457608e+03
6.00000000e+00 1.97517618e+00 1.42210438e+03
6.10000000e+00 1.98154428e+00 1.43176356e+03
6.20000000e+00 1.98713542e+00 1.44807224e+03
6.30000000e+00 1.98858457e+00 1.44935193e+03
6.40000000e+00 1.97505216e+00 1.45160254e+03
6.50000000e+00 1.98424869e+00 1.46602478e+03
6.60000000e+00 1.97327219e+00 1.45785118e+03
6.70000000e+00 1.99661787e+00 1.47300040e+03
6.80000000e+00 1.98507072e+00 1.48242516e+03
6.90000000e+00 1.99589085e+00 1.47845260e+03
7.00000000e+00 2.00104632e+00 1.49733656e+03
7.10000000e+00 2.00260531e+00 1.50101391e+03
7.20000000e+00 2.01512102e+00 1.51410718e+03
7.30000000e+00 1.99772773e+00 1.50593735e+03
7.40000000e+00 1.99531799e+00 1.52957658e+03
7.50000000e+00 1.99663549e+00 1.53919750e+03
7.60000000e+00 2.02473618e+00 1.55344342e+03
7.70000000e+00 1.99607800e+00 1.55880620e+03
7.80000000e+00 1.99970580e+00 1.55447079e+03
7.90000000e+00 2.01406400e+00 1.57499081e+03
8.00000000e+00 2.00114555e+00 1.57247813e+03
8.10000000e+00 2.01648336e+00 1.58704753e+03
8.20000000e+00 2.00376308e+00 1.59692242e+03
8.30000000e+00 1.99836770e+00 1.58142604e+03
8.40000000e+00 2.01390734e+00 1.59838208e+03
8.50000000e+00 2.02170259e+00 1.61193754e+03
8.60000000e+00 2.03210741e+00 1.60301254e+03
8.70000000e+00 2.02366592e+00 1.62038208e+03
8.80000000e+00 2.00596621e+00 1.61919179e+03
8.90000000e+00 1.99817616e+00 1.63366022e+03
9.00000000e+00 2.00487368e+00 1.62891222e+03
9.10000000e+00 2.02814425e+00 1.64214375e+03
9.20000000e+00 2.03215330e+00 1.66520625e+03
9.30000000e+00 2.02803775e+00 1.65870194e+03
9.40000000e+00 2.02868704e+00 1.68260379e+03
9.50000000e+00 2.01963502e+00 1.66762166e+03
9.60000000e+00 2.04364762e+00 1.67700826e+03
9.70000000e+00 2.02615060e+00 1.68942372e+03
9.80000000e+00 2.02812818e+00 1.70020950e+03
9.90000000e+00 2.03016658e+00 1.70124362e+03
1.00000000e+01 2.02700851e+00 1.71337591e+03
1.05000000e+01 2.03150327e+00 1.73753924e+03
1.10000000e+01 2.01476924e+00 1.76261588e+03
1.15000000e+01 2.02974333e+00 1.79903973e+03
1.20000000e+01 2.03642725e+00 1.83780476e+03
1.25000000e+01 2.04747004e+00 1.85536083e+03
1.30000000e+01 2.04810829e+00 1.89491269e+03
1.35000000e+01 2.05170732e+00 1.92394995e+03
1.40000000e+01 2.02676305e+00 1.95296655e+03
1.45000000e+01 2.06205118e+00 1.97906650e+03
1.50000000e+01 2.03803056e+00 2.03397567e+03
1.55000000e+01 2.04507585e+00 2.06603013e+03
1.60000000e+01 2.03554909e+00 2.06987602e+03
1.65000000e+01 2.05070175e+00 2.10980419e+03
1.70000000e+01 2.01603520e+00 2.12751435e+03
1.75000000e+01 2.05680313e+00 2.17784322e+03
1.80000000e+01 2.05015068e+00 2.22149135e+03
1.85000000e+01 2.02298057e+00 2.23029701e+03
1.90000000e+01 2.01486270e+00 2.25463290e+03
1.95000000e+01 2.02874217e+00 2.30606429e+03
2.00000000e+01 2.03512828e+00 2.33166020e+03
2.05000000e+01 2.02637058e+00 2.35396550e+03
2.10000000e+01 2.04353118e+00 2.37428036e+03
2.15000000e+01 2.05343695e+00 2.41171946e+03
2.20000000e+01 2.04704471e+00 2.43427686e+03
2.25000000e+01 2.02532796e+00 2.46941423e+03
2.30000000e+01 2.03974244e+00 2.51747088e+03
2.35000000e+01 2.03858973e+00 2.53186632e+03
2.40000000e+01 2.04304184e+00 2.57168988e+03
2.45000000e+01 2.03191692e+00 2.60292840e+03
2.50000000e+01 2.01851280e+00 2.62792551e+03
2.55000000e+01 2.02727758e+00 2.64579037e+03
2.60000000e+01 2.08622973e+00 2.69407288e+03
2.65000000e+01 2.04156245e+00 2.72198354e+03
2.70000000e+01 2.05413823e+00 2.77464951e+03
2.75000000e+01 2.03568168e+00 2.78423575e+03
2.80000000e+01 2.08307777e+00 2.81518883e+03
2.85000000e+01 2.07905873e+00 2.84600653e+03
2.90000000e+01 2.06896696e+00 2.89291148e+03
2.95000000e+01 2.05035413e+00 2.91269569e+03
3.00000000e+01 2.08844020e+00 2.92828223e+03
3.05000000e+01 2.03699403e+00 2.98460238e+03
3.15000000e+01 2.02595634e+00 3.04416894e+03
3.20000000e+01 2.06203223e+00 3.06811712e+03
3.25000000e+01 2.07453905e+00 3.10026671e+03
3.35000000e+01 2.04634540e+00 3.17552609e+03
3.40000000e+01 2.02577775e+00 3.20243008e+03
3.55000000e+01 2.06732832e+00 3.30675209e+03
3.60000000e+01 2.08265772e+00 3.33965918e+03
3.70000000e+01 2.02459175e+00 3.41222328e+03
3.75000000e+01 2.04051778e+00 3.43965249e+03
3.85000000e+01 2.01080382e+00 3.50890471e+03
3.90000000e+01 2.10072750e+00 3.54004426e+03
4.00000000e+01 2.01638126e+00 3.62320744e+03
