# columns: Temperatures (K), nu, Resistance (ohms)
2.50000000e-02 1.95879385e+00 3.72408047e+03
5.00000000e-02 1.96897976e+00 3.69579622e+03
1.00000000e-01 1.97406007e+00 3.72889173e+03
1.50000000e-01 1.98123522e+00 3.72862041e+03
2.00000000e-01 1.98683468e+00 3.77301310e+03
2.50000000e-01 1.99049523e+00 3.80480693e+03
3.00000000e-01 1.99227178e+00 3.82563220e+03
3.50000000e-01 1.99351255e+00 3.83024480e+03
4.00000000e-01 1.99399559e+00 3.83745315e+03
4.50000000e-01 1.99487095e+00 3.82611990e+03
5.00000000e-01 1.99422196e+00 3.82268243e+03
5.50000000e-01 1.99479945e+00 3.80580311e+03
6.00000000e-01 1.99416914e+00 3.81390418e+03
6.50000000e-01 1.99405881e+00 3.78224090e+03
7.00000000e-01 1.99381353e+00 3.76690403e+03
7.50000000e-01 1.99413572e+00 3.75178674e+03
8.00000000e-01 1.99415499e+00 3.73111172e+03
8.50000000e-01 1.99387821e+00 3.70989870e+03
9.00000000e-01 1.99355354e+00 3.71559617e+03
9.50000000e-01 1.99847921e+00 3.72558292e+03
1.00000000e+00 1.99807340e+00 3.70981150e+03
1.05000000e+00 1.99815331e+00 3.68408935e+03
1.10000000e+00 1.99744294e+00 3.68319370e+03
1.15000000e+00 1.99763902e+00 3.66131265e+03
1.20000000e+00 1.99743010e+00 3.64948305e+03
1.25000000e+00 1.99744076e+00 3.63124055e+03
1.30000000e+00 1.99672520e+00 3.61954996e+03
1.35000000e+00 1.99708677e+00 3.61667672e+03
1.40000000e+00 1.99599707e+00 3.58256345e+03
1.45000000e+00 1.99661292e+00 3.59174095e+03
1.50000000e+00 1.99596188e+00 3.58566273e+03
1.55000000e+00 1.99605484e+00 3.56923234e+03
1.60000000e+00 1.99567361e+00 3.56289349e+03
1.65000000e+00 1.99546637e+00 3.54370083e+03
1.70000000e+00 1.99571295e+00 3.52742483e+03
1.75000000e+00 1.99556042e+00 3.52356140e+03
1.80000000e+00 1.99517505e+00 3.50354592e+03
1.85000000e+00 1.99523578e+00 3.50114627e+03
1.90000000e+00 1.99535766e+00 3.49055238e+03
1.95000000e+00 1.99482091e+00 3.47784431e+03
2.00000000e+00 1.99501143e+00 3.46273575e+03
2.10000000e+00 1.98968545e+00 3.43967964e+03
2.20000000e+00 1.99427233e+00 3.42242513e+03
2.30000000e+00 1.99501078e+00 3.40876740e+03
2.40000000e+00 1.99539148e+00 3.37693607e+03
2.50000000e+00 1.99567369e+00 3.37708072e+03
2.60000000e+00 1.99644924e+00 3.34698762e+03
2.70000000e+00 1.99666663e+00 3.33787645e+03
2.80000000e+00 1.99797312e+00 3.31826806e+03
2.90000000e+00 1.99957226e+00 3.30961637e+03
3.00000000e+00 2.00076443e+00 3.30036243e+03
3.10000000e+00 2.00358475e+00 3.28413351e+03
3.20000000e+00 2.00524483e+00 3.27188154e+03
3.30000000e+00 2.00726229e+00 3.27012642e+03
3.40000000e+00 2.00959088e+00 3.26277879e+03
3.50000000e+00 2.01301607e+00 3.26521465e+03
3.60000000e+00 2.01641554e+00 3.26819020e+03
3.70000000e+00 2.01951719e+00 3.26949409e+03
3.80000000e+00 2.02202581e+00 3.27286865e+03
3.90000000e+00 2.02468502e+00 3.29025604e+03
4.00000000e+00 2.03239081e+00 3.29827700e+03
4.10000000e+00 2.03544226e+00 3.31411445e+03
4.20000000e+00 2.03933994e+00 3.31567659e+03
4.30000000e+00 2.04366057e+00 3.34924968e+03
4.40000000e+00 2.04701250e+00 3.35877838e+03
4.50000000e+00 2.05249743e+00 3.36612574e+03
4.60000000e+00 2.05883077e+00 3.39417127e+03
4.70000000e+00 2.06102878e+00 3.40315648e+03
4.80000000e+00 2.06382796e+00 3.43027492e+03
4.90000000e+00 2.07111050e+00 3.45008907e+03
5.00000000e+00 2.07488550e+00 3.46720097e+03
5.10000000e+00 2.07868695e+00 3.48954776e+03
5.20000000e+00 2.08031105e+00 3.50448051e+03
5.30000000e+00 2.08639244e+00 3.54230430e+03
5.40000000e+00 2.08880496e+00 3.55918047e+03
5.50000000e+00 2.09455316e+00 3.57485139e+03
5.60000000e+00 2.09272392e+00 3.58805499e+03
5.70000000e+00 2.10188106e+00 3.62146295e+03
5.80000000e+00 2.10763560e+00 3.64345084e+03
5.90000000e+00 2.10845889e+00 3.67294848e+03
6.00000000e+00 2.11409460e+00 3.68408102e+03
6.10000000e+00 2.11955367e+00 3.70679659e+03
6.20000000e+00 2.12403103e+00 3.72199675e+03
6.30000000e+00 2.13089482e+00 3.76275906e+03
6.40000000e+00 2.13411841e+00 3.78212993e+03
6.50000000e+00 2.13765229e+00 3.80022647e+03
6.60000000e+00 2.13788623e+00 3.81850800e+03
6.70000000e+00 2.14243434e+00 3.84722653e+03
6.80000000e+00 2.14675457e+00 3.87161715e+03
6.90000000e+00 2.14719160e+00 3.89366476e+03
7.00000000e+00 2.15032295e+00 3.92331404e+03
7.10000000e+00 2.15627786e+00 3.93783899e+03
7.20000000e+00 2.16092782e+00 3.95836855e+03
7.30000000e+00 2.16249497e+00 3.98067285e+03
7.40000000e+00 2.16687034e+00 4.00302718e+03
7.50000000e+00 2.16768153e+00 4.02894164e+03
7.60000000e+00 2.17033440e+00 4.05120044e+03
7.70000000e+00 2.17521652e+00 4.07791674e+03
7.80000000e+00 2.17647785e+00 4.08858210e+03
7.90000000e+00 2.17269628e+00 4.11846292e+03
8.00000000e+00 2.18197169e+00 4.13644644e+03
8.10000000e+00 2.18497106e+00 4.15101348e+03
8.20000000e+00 2.18644008e+00 4.17443183e+03
8.30000000e+00 2.19041023e+00 4.19006657e+03
8.40000000e+00 2.19324416e+00 4.21254993e+03
8.50000000e+00 2.19773307e+00 4.23919190e+03
8.60000000e+00 2.19877271e+00 4.25435658e+03
8.70000000e+00 2.20149756e+00 4.26820236e+03
8.80000000e+00 2.20349947e+00 4.28142013e+03
8.90000000e+00 2.20622790e+00 4.31233688e+03
9.00000000e+00 2.21434744e+00 4.32703610e+03
9.10000000e+00 2.20794646e+00 4.34761335e+03
9.20000000e+00 2.21279473e+00 4.36942969e+03
9.30000000e+00 2.20889471e+00 4.38821699e+03
9.40000000e+00 2.21853739e+00 4.40482047e+03
9.50000000e+00 2.21487036e+00 4.42595103e+03
9.60000000e+00 2.22928762e+00 4.44777107e+03
9.70000000e+00 2.22672984e+00 4.45533375e+03
9.80000000e+00 2.22468033e+00 4.47426540e+03
9.90000000e+00 2.22467587e+00 4.49409570e+03
1.00000000e+01 2.22580662e+00 4.52126024e+03
1.05000000e+01 2.24191263e+00 4.60195072e+03
1.10000000e+01 2.24884517e+00 4.68587714e+03
1.15000000e+01 2.25706320e+00 4.76946861e+03
1.20000000e+01 2.26142963e+00 4.84196657e+03
1.25000000e+01 2.26676542e+00 4.92120498e+03
1.30000000e+01 2.27234191e+00 5.00238067e+03
1.35000000e+01 2.26939482e+00 5.07509673e+03
1.40000000e+01 2.27783388e+00 5.14868805e+03
1.45000000e+01 2.27760345e+00 5.21794949e+03
1.50000000e+01 2.28893104e+00 5.28113398e+03
1.55000000e+01 2.28123800e+00 5.35446901e+03
1.60000000e+01 2.30177949e+00 5.41662646e+03
1.65000000e+01 2.29534773e+00 5.48913401e+03
1.70000000e+01 2.30305767e+00 5.54960735e+03
1.75000000e+01 2.31249632e+00 5.61778878e+03
1.80000000e+01 2.30661743e+00 5.67578873e+03
1.85000000e+01 2.31444514e+00 5.73722183e+03
1.90000000e+01 2.31009475e+00 5.80473457e+03
1.95000000e+01 2.32108594e+00 5.85902032e+03
2.00000000e+01 2.31488044e+00 5.91612746e+03
2.05000000e+01 2.32091846e+00 5.97292193e+03
2.10000000e+01 2.33304363e+00 6.02186702e+03
2.15000000e+01 2.33005068e+00 6.07341644e+03
2.20000000e+01 2.32042960e+00 6.13041506e+03
2.25000000e+01 2.36603840e+00 6.18417223e+03
2.30000000e+01 2.33147094e+00 6.24246339e+03
2.35000000e+01 2.35138122e+00 6.28855335e+03
2.40000000e+01 2.34561932e+00 6.33416691e+03
2.45000000e+01 2.34774840e+00 6.38942222e+03
2.50000000e+01 2.35136562e+00 6.43649540e+03
2.55000000e+01 2.35358328e+00 6.49213370e+03
2.60000000e+01 2.34711403e+00 6.54324763e+03
2.65000000e+01 2.34099482e+00 6.57142986e+03
2.70000000e+01 2.37751326e+00 6.61897694e+03
2.75000000e+01 2.38811354e+00 6.66415447e+03
2.80000000e+01 2.38842001e+00 6.71761947e+03
2.85000000e+01 2.36314828e+00 6.76054804e+03
2.90000000e+01 2.37088622e+00 6.81212836e+03
2.95000000e+01 2.41242466e+00 6.84167381e+03
3.00000000e+01 2.33890998e+00 6.88649875e+03
3.05000000e+01 2.35723034e+00 6.93917375e+03
