# columns: Temperatures (K), nu, Resistance (ohms)
2.00000000e+00 -2.07254932e+00 4.02945120e+03
2.10000000e+00 -2.08384073e+00 4.21222677e+03
2.20000000e+00 -2.09776739e+00 4.31445450e+03
2.30000000e+00 -2.10360083e+00 4.44459470e+03
2.40000000e+00 -2.10946958e+00 4.53907698e+03
2.50000000e+00 -2.11571727e+00 4.63074694e+03
2.60000000e+00 -2.11938870e+00 4.75159790e+03
2.70000000e+00 -2.13254925e+00 4.88073095e+03
2.80000000e+00 -2.12963063e+00 4.90725622e+03
2.90000000e+00 -2.13407866e+00 4.95987646e+03
3.00000000e+00 -2.13603496e+00 5.03866923e+03
3.10000000e+00 -2.13905682e+00 5.11350184e+03
3.20000000e+00 -2.14337076e+00 5.18869572e+03
3.30000000e+00 -2.14705099e+00 5.26911590e+03
3.40000000e+00 -2.15056816e+00 5.34082470e+03
3.50000000e+00 -2.15342578e+00 5.39589664e+03
3.60000000e+00 -2.15626394e+00 5.46391881e+03
3.70000000e+00 -2.15835820e+00 5.49973938e+03
3.80000000e+00 -2.16278431e+00 5.59955669e+03
3.90000000e+00 -2.16450797e+00 5.66785409e+03
4.00000000e+00 -2.16586957e+00 5.72434366e+03
4.10000000e+00 -2.16851519e+00 5.81209082e+03
4.20000000e+00 -2.17324229e+00 5.85734513e+03
4.30000000e+00 -2.17607744e+00 5.92938687e+03
4.40000000e+00 -2.17888016e+00 5.99061973e+03
4.50000000e+00 -2.18046368e+00 6.06220061e+03
4.60000000e+00 -2.18267270e+00 6.11248465e+03
4.70000000e+00 -2.18480141e+00 6.16716399e+03
4.80000000e+00 -2.18789897e+00 6.27153943e+03
4.90000000e+00 -2.19063781e+00 6.30857789e+03
5.00000000e+00 -2.19351380e+00 6.36867810e+03
5.10000000e+00 -2.19649439e+00 6.45458703e+03
5.20000000e+00 -2.19398129e+00 6.50595768e+03
5.30000000e+00 -2.19993505e+00 6.57496469e+03
5.40000000e+00 -2.20223931e+00 6.62224126e+03
5.50000000e+00 -2.20420621e+00 6.66991215e+03
5.60000000e+00 -2.20563385e+00 6.73794175e+03
5.70000000e+00 -2.20666520e+00 6.80759353e+03
5.80000000e+00 -2.20902424e+00 6.84496196e+03
5.90000000e+00 -2.20936537e+00 6.91146391e+03
6.00000000e+00 -2.20896738e+00 6.98755872e+03
6.10000000e+00 -2.21592412e+00 7.03784254e+03
6.20000000e+00 -2.21728105e+00 7.11350136e+03
6.30000000e+00 -2.21890776e+00 7.15927173e+03
6.40000000e+00 -2.22017315e+00 7.19207133e+03
6.50000000e+00 -2.22360693e+00 7.24488462e+03
6.60000000e+00 -2.22445856e+00 7.30121360e+03
6.70000000e+00 -2.22697713e+00 7.36287894e+03
6.80000000e+00 -2.22801624e+00 7.42157130e+03
6.90000000e+00 -2.22979476e+00 7.46613483e+03
7.00000000e+00 -2.23070383e+00 7.50226431e+03
7.10000000e+00 -2.23254605e+00 7.56432675e+03
7.20000000e+00 -2.23244736e+00 7.60835902e+03
7.30000000e+00 -2.23323934e+00 7.67069995e+03
7.40000000e+00 -2.23745039e+00 7.72217267e+03
7.50000000e+00 -2.23643326e+00 7.76598163e+03
7.60000000e+00 -2.24192909e+00 7.79969667e+03
7.70000000e+00 -2.24158585e+00 7.83498669e+03
7.80000000e+00 -2.24063317e+00 7.89011315e+03
7.90000000e+00 -2.24448543e+00 7.92866818e+03
8.00000000e+00 -2.24438596e+00 7.99727131e+03
8.10000000e+00 -2.24393859e+00 8.02237513e+03
8.20000000e+00 -2.24755166e+00 8.07873927e+03
8.30000000e+00 -2.24744927e+00 8.12461162e+03
8.40000000e+00 -2.24651392e+00 8.16997387e+03
8.50000000e+00 -2.24738392e+00 8.19134651e+03
8.60000000e+00 -2.25377238e+00 8.25897839e+03
8.70000000e+00 -2.25638418e+00 8.29535519e+03
8.80000000e+00 -2.25100535e+00 8.31715859e+03
8.90000000e+00 -2.25298192e+00 8.37572238e+03
9.00000000e+00 -2.25455652e+00 8.42240030e+03
9.10000000e+00 -2.25479229e+00 8.46260135e+03
9.20000000e+00 -2.25768810e+00 8.48138295e+03
9.30000000e+00 -2.25599003e+00 8.52248497e+03
9.40000000e+00 -2.25948195e+00 8.57090296e+03
9.50000000e+00 -2.25738174e+00 8.62445659e+03
9.60000000e+00 -2.25629960e+00 8.63756689e+03
9.70000000e+00 -2.26026222e+00 8.65226428e+03
9.80000000e+00 -2.25824464e+00 8.70417620e+03
9.90000000e+00 -2.25803748e+00 8.76097606e+03
1.00000000e+01 -2.26274944e+00 8.78480804e+03
1.05000000e+01 -2.26908687e+00 8.97549161e+03
1.10000000e+01 -2.26870684e+00 9.15608317e+03
1.15000000e+01 -2.26147220e+00 9.29977757e+03
1.20000000e+01 -2.26948933e+00 9.46873532e+03
1.25000000e+01 -2.27551498e+00 9.63868479e+03
1.30000000e+01 -2.27504763e+00 9.77498214e+03
1.35000000e+01 -2.27538291e+00 9.93573609e+03
1.40000000e+01 -2.27688536e+00 1.00921962e+04
1.45000000e+01 -2.27750805e+00 1.02318986e+04
1.50000000e+01 -2.27545949e+00 1.03627046e+04
1.55000000e+01 -2.27591861e+00 1.04788964e+04
1.60000000e+01 -2.28038470e+00 1.06151427e+04
1.65000000e+01 -2.27842637e+00 1.07544274e+04
1.70000000e+01 -2.27713822e+00 1.08817308e+04
1.75000000e+01 -2.28369830e+00 1.10050537e+04
1.80000000e+01 -2.27952165e+00 1.11205584e+04
1.85000000e+01 -2.27771154e+00 1.12343761e+04
1.90000000e+01 -2.27759736e+00 1.13513015e+04
1.95000000e+01 -2.28062446e+00 1.14341145e+04
2.00000000e+01 -2.28131243e+00 1.15668533e+04
2.05000000e+01 -2.27628748e+00 1.16578631e+04
2.10000000e+01 -2.27730735e+00 1.17746282e+04
2.15000000e+01 -2.27759209e+00 1.18787941e+04
2.20000000e+01 -2.27532825e+00 1.19710021e+04
2.25000000e+01 -2.27954164e+00 1.20756396e+04
2.30000000e+01 -2.27389479e+00 1.21747550e+04
2.35000000e+01 -2.27900722e+00 1.22663081e+04
2.40000000e+01 -2.27844366e+00 1.23765714e+04
2.45000000e+01 -2.28490440e+00 1.24720083e+04
2.50000000e+01 -2.28064367e+00 1.25624289e+04
2.55000000e+01 -2.27783427e+00 1.26592105e+04
2.60000000e+01 -2.27970748e+00 1.27505017e+04
2.65000000e+01 -2.27728315e+00 1.28166578e+04
2.70000000e+01 -2.28373541e+00 1.29098979e+04
2.75000000e+01 -2.27656717e+00 1.29940036e+04
2.80000000e+01 -2.28418984e+00 1.30946357e+04
2.85000000e+01 -2.28812247e+00 1.31685952e+04
2.90000000e+01 -2.28521077e+00 1.32468627e+04
2.95000000e+01 -2.28141615e+00 1.33142065e+04
3.00000000e+01 -2.27718818e+00 1.34114253e+04
3.05000000e+01 -2.28184220e+00 1.35219404e+04
3.10000000e+01 -2.27957144e+00 1.35589432e+04
3.15000000e+01 -2.28230542e+00 1.36808836e+04
3.20000000e+01 -2.28398056e+00 1.37764800e+04
3.25000000e+01 -2.28256516e+00 1.38508138e+04
3.30000000e+01 -2.29089337e+00 1.39159945e+04
3.35000000e+01 -2.28345898e+00 1.39859779e+04
3.40000000e+01 -2.29447130e+00 1.40693116e+04
3.45000000e+01 -2.28836693e+00 1.41387026e+04
3.50000000e+01 -2.29034540e+00 1.42173743e+04
3.55000000e+01 -2.29175199e+00 1.42636044e+04
3.60000000e+01 -2.29815628e+00 1.43442233e+04
3.65000000e+01 -2.29260627e+00 1.44144069e+04
3.70000000e+01 -2.29441839e+00 1.44831172e+04
3.75000000e+01 -2.30073978e+00 1.45438937e+04
3.80000000e+01 -2.29870667e+00 1.46073365e+04
3.85000000e+01 -2.29919686e+00 1.46744408e+04
3.90000000e+01 -2.30984628e+00 1.47439140e+04
3.95000000e+01 -2.29328438e+00 1.48092366e+04
4.00000000e+01 -2.29776553e+00 1.48679024e+04
