# columns: Temperatures (K), nu, Resistance (ohms)
1.15000000e+01 1.26906653e+00 2.21871779e+03
1.20000000e+01 1.25368045e+00 2.28337389e+03
1.25000000e+01 1.23472462e+00 2.34746110e+03
1.30000000e+01 1.22661458e+00 2.43928396e+03
1.35000000e+01 1.22561747e+00 2.50190287e+03
1.40000000e+01 1.19846245e+00 2.60239748e+03
1.45000000e+01 1.20399049e+00 2.66974112e+03
1.50000000e+01 1.19191123e+00 2.74882586e+03
1.55000000e+01 1.17619977e+00 2.82192669e+03
1.60000000e+01 1.18121143e+00 2.88980954e+03
1.65000000e+01 1.17220443e+00 2.96894468e+03
1.70000000e+01 1.17390872e+00 3.03866596e+03
1.75000000e+01 1.17196850e+00 3.10591810e+03
1.80000000e+01 1.16439079e+00 3.17720098e+03
1.85000000e+01 1.15084485e+00 3.24183025e+03
1.90000000e+01 1.15722856e+00 3.31040441e+03
1.95000000e+01 1.15546739e+00 3.37863232e+03
2.00000000e+01 1.14108642e+00 3.44993123e+03
2.05000000e+01 1.14165980e+00 3.51193269e+03
2.10000000e+01 1.13787762e+00 3.57986474e+03
2.15000000e+01 1.13964484e+00 3.63374078e+03
2.20000000e+01 1.13746970e+00 3.68696334e+03
2.25000000e+01 1.12687045e+00 3.77090444e+03
2.30000000e+01 1.12248041e+00 3.83443364e+03
2.35000000e+01 1.12993302e+00 3.89700757e+03
2.40000000e+01 1.12604460e+00 3.94819840e+03
2.45000000e+01 1.12072177e+00 4.01335869e+03
2.50000000e+01 1.12102674e+00 4.07390661e+03
2.55000000e+01 1.11404746e+00 4.13879651e+03
2.60000000e+01 1.10880394e+00 4.20067216e+03
2.65000000e+01 1.11566962e+00 4.25184508e+03
2.70000000e+01 1.11249723e+00 4.31194598e+03
2.75000000e+01 1.10737686e+00 4.37486811e+03
2.80000000e+01 1.10812081e+00 4.43389382e+03
2.85000000e+01 1.10162421e+00 4.49461604e+03
2.90000000e+01 1.09945626e+00 4.55170621e+03
2.95000000e+01 1.09665147e+00 4.60745561e+03
3.00000000e+01 1.09371161e+00 4.66794746e+03
3.05000000e+01 1.10029249e+00 4.72954901e+03
3.10000000e+01 1.10061593e+00 4.77417140e+03
3.15000000e+01 1.09603183e+00 4.82890217e+03
3.20000000e+01 1.09786426e+00 4.88902415e+03
3.25000000e+01 1.09258482e+00 4.94908930e+03
3.30000000e+01 1.08806406e+00 4.99695118e+03
3.35000000e+01 1.08358474e+00 5.06769031e+03
3.40000000e+01 1.09307057e+00 5.10402275e+03
3.45000000e+01 1.08854531e+00 5.16782088e+03
3.50000000e+01 1.09415866e+00 5.21187127e+03
3.55000000e+01 1.08357803e+00 5.27230793e+03
3.60000000e+01 1.08375309e+00 5.32796151e+03
3.65000000e+01 1.08677185e+00 5.36678038e+03
3.70000000e+01 1.07693047e+00 5.43242607e+03
3.75000000e+01 1.07589210e+00 5.48243606e+03
3.80000000e+01 1.07982806e+00 5.52468446e+03
3.85000000e+01 1.08232843e+00 5.57532335e+03
3.90000000e+01 1.07344668e+00 5.63070642e+03
3.95000000e+01 1.07547126e+00 5.68293544e+03
4.00000000e+01 1.07669866e+00 5.73601446e+03
