# columns: Temperatures (K), nu, Resistance (ohms)
2.50000000e-02 1.96875099e+00 7.36720409e+04
5.00000000e-02 1.96756587e+00 7.38141540e+04
1.00000000e-01 1.97329275e+00 6.96711571e+04
1.50000000e-01 1.97704536e+00 6.80686851e+04
2.00000000e-01 1.97454700e+00 7.04194512e+04
2.50000000e-01 1.98339967e+00 6.58693246e+04
3.00000000e-01 1.98717916e+00 6.60631887e+04
3.50000000e-01 1.98753089e+00 6.31014352e+04
4.00000000e-01 1.99130286e+00 6.20856767e+04
4.50000000e-01 1.98309433e+00 6.30000707e+04
5.00000000e-01 1.98327307e+00 5.98208352e+04
5.50000000e-01 1.98552911e+00 5.87690695e+04
6.00000000e-01 1.98615213e+00 5.59426444e+04
6.50000000e-01 1.98627058e+00 5.85349886e+04
7.00000000e-01 1.99432112e+00 5.58920614e+04
7.50000000e-01 1.98742300e+00 5.28302333e+04
8.00000000e-01 1.99649380e+00 4.98382343e+04
8.50000000e-01 1.98829731e+00 5.03543707e+04
9.00000000e-01 1.98798978e+00 4.81460689e+04
9.50000000e-01 1.99671995e+00 4.54736561e+04
1.00000000e+00 1.98994467e+00 4.21863872e+04
1.05000000e+00 1.98904946e+00 4.38610997e+04
1.10000000e+00 1.98924048e+00 4.25269290e+04
1.15000000e+00 1.99037815e+00 4.07690363e+04
1.20000000e+00 1.99038175e+00 4.02044163e+04
1.25000000e+00 1.98866784e+00 3.73930063e+04
1.30000000e+00 1.99295366e+00 3.62644035e+04
1.35000000e+00 1.99379353e+00 3.44428959e+04
1.40000000e+00 1.99354921e+00 3.52487343e+04
1.45000000e+00 1.99456486e+00 3.27460394e+04
1.50000000e+00 1.99495960e+00 3.26342757e+04
1.55000000e+00 1.99564808e+00 3.12961166e+04
1.60000000e+00 1.99618690e+00 3.03121590e+04
1.65000000e+00 1.99616808e+00 2.97137754e+04
1.70000000e+00 1.99533368e+00 3.04157621e+04
1.75000000e+00 1.99680810e+00 2.81306856e+04
1.80000000e+00 1.99668809e+00 2.88795710e+04
1.85000000e+00 1.99643400e+00 2.79909571e+04
1.90000000e+00 1.99741147e+00 2.67269593e+04
1.95000000e+00 1.99824446e+00 2.51758668e+04
2.00000000e+00 2.00553844e+00 2.52565180e+04
2.10000000e+00 1.99815229e+00 2.34540013e+04
2.20000000e+00 2.00017885e+00 2.24472306e+04
2.30000000e+00 2.00099399e+00 2.14098627e+04
2.40000000e+00 2.00150658e+00 2.03298287e+04
2.50000000e+00 2.00188366e+00 1.95100330e+04
2.60000000e+00 2.00288432e+00 1.80779607e+04
2.70000000e+00 2.00284439e+00 1.77067613e+04
2.80000000e+00 2.00359380e+00 1.68545172e+04
2.90000000e+00 2.00383592e+00 1.61993512e+04
3.00000000e+00 2.00495856e+00 1.55356950e+04
3.10000000e+00 2.00470952e+00 1.48919593e+04
3.20000000e+00 2.00542405e+00 1.44260646e+04
3.30000000e+00 2.00516309e+00 1.39003740e+04
3.40000000e+00 2.00545685e+00 1.34470017e+04
3.50000000e+00 2.00585021e+00 1.30014941e+04
3.60000000e+00 2.00601310e+00 1.25901566e+04
3.70000000e+00 2.00688849e+00 1.22691574e+04
3.80000000e+00 2.00703971e+00 1.19608004e+04
3.90000000e+00 2.00743725e+00 1.17035891e+04
4.00000000e+00 2.00784863e+00 1.13979361e+04
4.10000000e+00 2.00856280e+00 1.11585486e+04
4.20000000e+00 2.00906047e+00 1.09680544e+04
4.30000000e+00 2.00946354e+00 1.07836938e+04
4.40000000e+00 2.01061429e+00 1.06260767e+04
4.50000000e+00 2.01598609e+00 1.05388555e+04
4.60000000e+00 2.01648396e+00 1.04373106e+04
4.70000000e+00 2.01760705e+00 1.03280259e+04
4.80000000e+00 2.01824410e+00 1.02091155e+04
4.90000000e+00 2.01932555e+00 1.01255826e+04
5.00000000e+00 2.02074605e+00 1.00601722e+04
5.10000000e+00 2.02154489e+00 1.00080836e+04
5.20000000e+00 2.02252198e+00 9.94577115e+03
5.30000000e+00 2.02400181e+00 9.90061530e+03
5.40000000e+00 2.02554541e+00 9.86125527e+03
5.50000000e+00 2.02676127e+00 9.83804139e+03
5.60000000e+00 2.02769515e+00 9.82100910e+03
5.70000000e+00 2.03005962e+00 9.80770137e+03
5.80000000e+00 2.03154891e+00 9.78053681e+03
5.90000000e+00 2.03329623e+00 9.79211489e+03
6.00000000e+00 2.03552705e+00 9.78965924e+03
6.10000000e+00 2.03717172e+00 9.77821291e+03
6.20000000e+00 2.03851961e+00 9.78038966e+03
6.30000000e+00 2.04083360e+00 9.79605059e+03
6.40000000e+00 2.04298795e+00 9.80419644e+03
6.50000000e+00 2.04483133e+00 9.82581866e+03
6.60000000e+00 2.04656526e+00 9.84662043e+03
6.70000000e+00 2.04899789e+00 9.85472410e+03
6.80000000e+00 2.05061576e+00 9.86346918e+03
6.90000000e+00 2.05294918e+00 9.88221002e+03
7.00000000e+00 2.05534108e+00 9.91119714e+03
7.10000000e+00 2.05741394e+00 9.93153600e+03
7.20000000e+00 2.05915394e+00 9.95235195e+03
7.30000000e+00 2.06179747e+00 9.99528995e+03
7.40000000e+00 2.06425369e+00 1.00060350e+04
7.50000000e+00 2.06622142e+00 1.00317960e+04
7.60000000e+00 2.07210508e+00 1.00851337e+04
7.70000000e+00 2.07379808e+00 1.01208514e+04
7.80000000e+00 2.07588563e+00 1.01472080e+04
7.90000000e+00 2.07789547e+00 1.01725694e+04
8.00000000e+00 2.08018247e+00 1.02196557e+04
8.10000000e+00 2.08196921e+00 1.02371251e+04
8.20000000e+00 2.08431862e+00 1.02776105e+04
8.30000000e+00 2.08690696e+00 1.03052132e+04
8.40000000e+00 2.08863194e+00 1.03297368e+04
8.50000000e+00 2.09094034e+00 1.03728342e+04
8.60000000e+00 2.09233995e+00 1.04030552e+04
8.70000000e+00 2.09507061e+00 1.04345125e+04
8.80000000e+00 2.09670002e+00 1.04722150e+04
8.90000000e+00 2.10260172e+00 1.05209690e+04
9.00000000e+00 2.10361857e+00 1.05622854e+04
9.10000000e+00 2.10649485e+00 1.05878698e+04
9.20000000e+00 2.10899953e+00 1.06186097e+04
9.30000000e+00 2.11033550e+00 1.06539407e+04
9.40000000e+00 2.11300828e+00 1.06910451e+04
9.50000000e+00 2.11849822e+00 1.07345716e+04
9.60000000e+00 2.12112839e+00 1.07707033e+04
9.70000000e+00 2.12195637e+00 1.08030249e+04
9.80000000e+00 2.12886633e+00 1.08409888e+04
9.90000000e+00 2.13127661e+00 1.08656224e+04
1.00000000e+01 2.13352417e+00 1.08919162e+04
1.05000000e+01 2.15035710e+00 1.10569469e+04
1.10000000e+01 2.16480993e+00 1.11538409e+04
1.15000000e+01 2.17304165e+00 1.12951554e+04
1.20000000e+01 2.18237666e+00 1.14596445e+04
1.25000000e+01 2.18855420e+00 1.15884364e+04
1.30000000e+01 2.19613136e+00 1.17462833e+04
1.35000000e+01 2.20245920e+00 1.18928132e+04
1.40000000e+01 2.20887627e+00 1.20119012e+04
1.45000000e+01 2.21294439e+00 1.21477082e+04
1.50000000e+01 2.21877211e+00 1.22872189e+04
1.55000000e+01 2.22234338e+00 1.24194261e+04
1.60000000e+01 2.22662527e+00 1.25436514e+04
1.65000000e+01 2.22921606e+00 1.26699113e+04
1.70000000e+01 2.23494482e+00 1.27758474e+04
1.75000000e+01 2.23771980e+00 1.28875000e+04
1.80000000e+01 2.24053978e+00 1.30105575e+04
1.85000000e+01 2.24283328e+00 1.31145781e+04
1.90000000e+01 2.24442251e+00 1.32273407e+04
1.95000000e+01 2.24648245e+00 1.33214346e+04
2.00000000e+01 2.24859846e+00 1.34240922e+04
2.05000000e+01 2.24982081e+00 1.35174699e+04
2.10000000e+01 2.25538042e+00 1.36066884e+04
2.15000000e+01 2.25704216e+00 1.36891974e+04
2.20000000e+01 2.25381267e+00 1.37941855e+04
2.25000000e+01 2.25582530e+00 1.38869440e+04
2.30000000e+01 2.25983932e+00 1.39532948e+04
2.35000000e+01 2.26195262e+00 1.40374125e+04
2.40000000e+01 2.26339695e+00 1.41205943e+04
2.45000000e+01 2.26342198e+00 1.41957761e+04
2.50000000e+01 2.26488484e+00 1.42760325e+04
2.55000000e+01 2.26541322e+00 1.43523356e+04
2.60000000e+01 2.26693215e+00 1.44193465e+04
2.65000000e+01 2.26852966e+00 1.44939356e+04
2.70000000e+01 2.26900695e+00 1.45721837e+04
2.75000000e+01 2.26995398e+00 1.46358317e+04
2.80000000e+01 2.27066692e+00 1.47082197e+04
2.85000000e+01 2.27119308e+00 1.47700880e+04
2.90000000e+01 2.27145007e+00 1.48437119e+04
2.95000000e+01 2.27211961e+00 1.48967842e+04
3.00000000e+01 2.27459984e+00 1.49588619e+04
3.05000000e+01 2.27495558e+00 1.50288834e+04
3.10000000e+01 2.27511324e+00 1.50901348e+04
3.15000000e+01 2.28201660e+00 1.51326812e+04
3.20000000e+01 2.27843432e+00 1.51986527e+04
3.25000000e+01 2.28402232e+00 1.52431893e+04
3.30000000e+01 2.28449769e+00 1.53046467e+04
3.35000000e+01 2.28572667e+00 1.53465725e+04
3.40000000e+01 2.28597941e+00 1.54091181e+04
3.45000000e+01 2.28826019e+00 1.54493808e+04
3.50000000e+01 2.29063120e+00 1.55053595e+04
3.55000000e+01 2.29043903e+00 1.55561866e+04
3.60000000e+01 2.29020513e+00 1.56153759e+04
3.65000000e+01 2.29093905e+00 1.56649499e+04
3.70000000e+01 2.29308213e+00 1.57080387e+04
3.75000000e+01 2.29533333e+00 1.57567319e+04
3.80000000e+01 2.29544313e+00 1.58045895e+04
3.85000000e+01 2.29459489e+00 1.58556168e+04
3.90000000e+01 2.29604713e+00 1.58945845e+04
3.95000000e+01 2.29761939e+00 1.59508958e+04
4.00000000e+01 2.30512277e+00 1.59629203e+04
