# columns: Temperatures (K), nu, Resistance (ohms)
6.00000000e+00 1.24803561e+00 5.45161788e+03
6.10000000e+00 1.22767514e+00 5.51869698e+03
6.20000000e+00 1.21862607e+00 5.59358577e+03
6.30000000e+00 1.22753762e+00 5.65269772e+03
6.40000000e+00 1.21431785e+00 5.73583680e+03
6.50000000e+00 1.21792038e+00 5.77527939e+03
6.60000000e+00 1.20627733e+00 5.84991955e+03
6.70000000e+00 1.21051607e+00 5.91828851e+03
6.80000000e+00 1.19976649e+00 5.96863370e+03
6.90000000e+00 1.20755513e+00 6.01898457e+03
7.00000000e+00 1.20362247e+00 6.08537418e+03
7.10000000e+00 1.20393967e+00 6.15569631e+03
7.20000000e+00 1.19854348e+00 6.20971985e+03
7.30000000e+00 1.20155517e+00 6.27259819e+03
7.40000000e+00 1.19714716e+00 6.32580784e+03
7.50000000e+00 1.20014678e+00 6.37946006e+03
7.60000000e+00 1.19408776e+00 6.45199004e+03
7.70000000e+00 1.19650547e+00 6.49031637e+03
7.80000000e+00 1.19356666e+00 6.53712751e+03
7.90000000e+00 1.19902107e+00 6.58121878e+03
8.00000000e+00 1.18682820e+00 6.64480328e+03
8.10000000e+00 1.19156260e+00 6.72641481e+03
8.20000000e+00 1.18843540e+00 6.74913061e+03
8.30000000e+00 1.18405002e+00 6.81525889e+03
8.40000000e+00 1.18442703e+00 6.85670313e+03
8.50000000e+00 1.18567818e+00 6.91526881e+03
8.60000000e+00 1.18508141e+00 6.96288379e+03
8.70000000e+00 1.18192812e+00 7.02151627e+03
8.80000000e+00 1.17932423e+00 7.07122082e+03
8.90000000e+00 1.18195179e+00 7.11450118e+03
9.00000000e+00 1.18560993e+00 7.16896569e+03
9.10000000e+00 1.18891712e+00 7.19251396e+03
9.20000000e+00 1.17071094e+00 7.24977244e+03
9.30000000e+00 1.17996976e+00 7.29099850e+03
9.40000000e+00 1.17390352e+00 7.34581265e+03
9.50000000e+00 1.17417884e+00 7.40108792e+03
9.60000000e+00 1.18049160e+00 7.41447611e+03
9.70000000e+00 1.18152881e+00 7.45697369e+03
9.80000000e+00 1.17444538e+00 7.52041489e+03
9.90000000e+00 1.17837822e+00 7.54851040e+03
1.00000000e+01 1.17631122e+00 7.62931870e+03
1.05000000e+01 1.17510371e+00 7.82343005e+03
1.10000000e+01 1.16923068e+00 8.02813851e+03
1.15000000e+01 1.16886638e+00 8.23436122e+03
1.20000000e+01 1.16811778e+00 8.42272001e+03
1.25000000e+01 1.16716520e+00 8.59615888e+03
1.30000000e+01 1.16946628e+00 8.74586264e+03
1.35000000e+01 1.16258928e+00 8.93245362e+03
1.40000000e+01 1.16158994e+00 9.09846462e+03
1.45000000e+01 1.15799555e+00 9.25122659e+03
1.50000000e+01 1.16071189e+00 9.40183866e+03
1.55000000e+01 1.16101647e+00 9.54767041e+03
1.60000000e+01 1.16074284e+00 9.71005222e+03
1.65000000e+01 1.15966629e+00 9.83789814e+03
1.70000000e+01 1.15721863e+00 9.99829379e+03
1.75000000e+01 1.16354274e+00 1.01205812e+04
1.80000000e+01 1.15734042e+00 1.02638814e+04
1.85000000e+01 1.15725869e+00 1.03608011e+04
1.90000000e+01 1.15697927e+00 1.05165322e+04
1.95000000e+01 1.15385065e+00 1.06438317e+04
2.00000000e+01 1.15618178e+00 1.07347916e+04
2.05000000e+01 1.15633532e+00 1.08602562e+04
2.10000000e+01 1.16043950e+00 1.09814572e+04
2.15000000e+01 1.15755698e+00 1.11046432e+04
2.20000000e+01 1.16208016e+00 1.11902793e+04
2.25000000e+01 1.16880327e+00 1.12888533e+04
2.30000000e+01 1.15958688e+00 1.13854382e+04
2.35000000e+01 1.16582698e+00 1.14920489e+04
2.40000000e+01 1.16653159e+00 1.16172959e+04
2.45000000e+01 1.16817425e+00 1.17068710e+04
2.50000000e+01 1.16319517e+00 1.18278098e+04
2.55000000e+01 1.16859649e+00 1.19062162e+04
2.60000000e+01 1.17244337e+00 1.20054060e+04
2.65000000e+01 1.16790557e+00 1.20916290e+04
2.70000000e+01 1.17607038e+00 1.21735785e+04
2.75000000e+01 1.17355022e+00 1.22815702e+04
2.80000000e+01 1.17294574e+00 1.23788873e+04
2.85000000e+01 1.18592619e+00 1.24621055e+04
2.90000000e+01 1.17686227e+00 1.25529065e+04
2.95000000e+01 1.17988407e+00 1.26127440e+04
3.00000000e+01 1.19776476e+00 1.27203760e+04
3.05000000e+01 1.18828189e+00 1.28240740e+04
3.10000000e+01 1.19134678e+00 1.28996654e+04
3.15000000e+01 1.19466640e+00 1.30406534e+04
3.20000000e+01 1.21943337e+00 1.31026419e+04
3.25000000e+01 1.20593943e+00 1.31974083e+04
3.30000000e+01 1.20498478e+00 1.32837089e+04
