# columns: Temperatures (K), nu, Resistance (ohms)
1.00000000e+01 -1.44622715e+00 3.98614210e+03
1.05000000e+01 -1.41793388e+00 4.16889378e+03
1.10000000e+01 -1.38991868e+00 4.34860954e+03
1.15000000e+01 -1.39553074e+00 4.51897848e+03
1.20000000e+01 -1.37848585e+00 4.69666893e+03
1.25000000e+01 -1.36704339e+00 4.85466705e+03
1.30000000e+01 -1.36088087e+00 5.03083174e+03
1.35000000e+01 -1.34698082e+00 5.16732386e+03
1.40000000e+01 -1.34847777e+00 5.34771046e+03
1.45000000e+01 -1.33542820e+00 5.51121756e+03
1.50000000e+01 -1.33049580e+00 5.67494972e+03
1.55000000e+01 -1.32848801e+00 5.84432611e+03
1.60000000e+01 -1.30788323e+00 6.00142342e+03
1.65000000e+01 -1.30587660e+00 6.15044083e+03
1.70000000e+01 -1.30276099e+00 6.30798677e+03
1.75000000e+01 -1.30549958e+00 6.44114189e+03
1.80000000e+01 -1.30392239e+00 6.61043284e+03
1.85000000e+01 -1.29541089e+00 6.75624027e+03
1.90000000e+01 -1.28361057e+00 6.90391741e+03
1.95000000e+01 -1.28377444e+00 7.04273281e+03
2.00000000e+01 -1.27455537e+00 7.20915300e+03
2.05000000e+01 -1.27882333e+00 7.34569143e+03
2.10000000e+01 -1.27467917e+00 7.48458810e+03
2.15000000e+01 -1.26684225e+00 7.58754053e+03
2.20000000e+01 -1.26160984e+00 7.74577832e+03
2.25000000e+01 -1.26057312e+00 7.89139060e+03
2.30000000e+01 -1.25829072e+00 8.02070659e+03
2.35000000e+01 -1.25728234e+00 8.15647212e+03
2.40000000e+01 -1.25013540e+00 8.28682616e+03
2.45000000e+01 -1.24950469e+00 8.43086756e+03
2.50000000e+01 -1.24781255e+00 8.54543550e+03
2.55000000e+01 -1.24910160e+00 8.64340630e+03
2.60000000e+01 -1.23921856e+00 8.79054833e+03
2.65000000e+01 -1.24188123e+00 8.92353777e+03
2.70000000e+01 -1.23548529e+00 9.02476391e+03
2.75000000e+01 -1.23297021e+00 9.15113348e+03
2.80000000e+01 -1.23003418e+00 9.27118034e+03
2.85000000e+01 -1.23246690e+00 9.37473681e+03
2.90000000e+01 -1.22834512e+00 9.50882773e+03
2.95000000e+01 -1.22724551e+00 9.63623320e+03
3.00000000e+01 -1.22308915e+00 9.72492871e+03
3.05000000e+01 -1.22533540e+00 9.88306515e+03
3.10000000e+01 -1.21959389e+00 9.95230636e+03
3.15000000e+01 -1.21915561e+00 1.01174310e+04
3.20000000e+01 -1.21484560e+00 1.02456145e+04
3.25000000e+01 -1.21325498e+00 1.03509490e+04
3.30000000e+01 -1.21302144e+00 1.04286500e+04
3.35000000e+01 -1.21486457e+00 1.05403742e+04
3.40000000e+01 -1.21364783e+00 1.06237318e+04
3.45000000e+01 -1.20663919e+00 1.07453220e+04
3.50000000e+01 -1.21155269e+00 1.08340513e+04
3.55000000e+01 -1.20662541e+00 1.09302574e+04
3.60000000e+01 -1.20754490e+00 1.10413637e+04
3.65000000e+01 -1.20077162e+00 1.11241616e+04
3.70000000e+01 -1.20095363e+00 1.12247589e+04
3.75000000e+01 -1.20040494e+00 1.13053795e+04
3.80000000e+01 -1.19781575e+00 1.14080718e+04
3.85000000e+01 -1.20002709e+00 1.15023221e+04
3.90000000e+01 -1.19542429e+00 1.15618652e+04
3.95000000e+01 -1.19892269e+00 1.16648268e+04
4.00000000e+01 -1.19272094e+00 1.17400824e+04
