# columns: Temperatures (K), nu, Resistance (ohms)
1.25000000e+01 1.24900521e+00 6.13479362e+03
1.30000000e+01 1.24660667e+00 6.29314209e+03
1.40000000e+01 1.23685269e+00 6.61373179e+03
1.45000000e+01 1.23729368e+00 6.76749357e+03
1.50000000e+01 1.23201666e+00 6.92258238e+03
1.55000000e+01 1.23274923e+00 7.06734955e+03
1.60000000e+01 1.22692425e+00 7.21751869e+03
1.65000000e+01 1.22475228e+00 7.35686130e+03
1.70000000e+01 1.22231108e+00 7.49708088e+03
1.75000000e+01 1.22007740e+00 7.64070900e+03
1.80000000e+01 1.21939680e+00 7.77869886e+03
1.85000000e+01 1.21400198e+00 7.90828161e+03
1.90000000e+01 1.21541016e+00 8.03568266e+03
1.95000000e+01 1.21040511e+00 8.17470162e+03
2.00000000e+01 1.20904461e+00 8.28779051e+03
2.05000000e+01 1.20718568e+00 8.40419118e+03
2.10000000e+01 1.20581201e+00 8.53020964e+03
2.15000000e+01 1.20485075e+00 8.63799712e+03
2.20000000e+01 1.20396534e+00 8.75054277e+03
2.25000000e+01 1.19914775e+00 8.86327650e+03
2.30000000e+01 1.19830979e+00 8.96824052e+03
2.35000000e+01 1.19780068e+00 9.07987430e+03
2.40000000e+01 1.19622578e+00 9.18269796e+03
2.45000000e+01 1.19485680e+00 9.28288667e+03
2.50000000e+01 1.19376276e+00 9.37908089e+03
2.55000000e+01 1.19610193e+00 9.46456514e+03
2.60000000e+01 1.19169877e+00 9.56947681e+03
2.65000000e+01 1.19353613e+00 9.65630303e+03
2.70000000e+01 1.19054454e+00 9.75953409e+03
2.75000000e+01 1.18952588e+00 9.84681987e+03
2.80000000e+01 1.18866536e+00 9.93507607e+03
2.85000000e+01 1.18788821e+00 1.00174021e+04
2.90000000e+01 1.18651817e+00 1.01161586e+04
2.95000000e+01 1.18626695e+00 1.01918451e+04
3.00000000e+01 1.18462911e+00 1.02751882e+04
3.05000000e+01 1.18600754e+00 1.03633981e+04
3.10000000e+01 1.18201892e+00 1.04367322e+04
3.15000000e+01 1.18078802e+00 1.05235327e+04
3.20000000e+01 1.18293846e+00 1.05905421e+04
3.25000000e+01 1.18343600e+00 1.06640177e+04
3.30000000e+01 1.17936269e+00 1.07494132e+04
3.35000000e+01 1.18145197e+00 1.08115078e+04
3.40000000e+01 1.17921103e+00 1.08903891e+04
3.45000000e+01 1.18093626e+00 1.09586870e+04
3.50000000e+01 1.18115410e+00 1.10327230e+04
3.55000000e+01 1.18086319e+00 1.10921341e+04
3.60000000e+01 1.17741793e+00 1.11619271e+04
3.65000000e+01 1.17953600e+00 1.12260798e+04
3.70000000e+01 1.17639651e+00 1.12970278e+04
3.75000000e+01 1.17851220e+00 1.13570773e+04
3.80000000e+01 1.17555424e+00 1.14303527e+04
3.85000000e+01 1.17793612e+00 1.14916675e+04
3.90000000e+01 1.17457545e+00 1.15570501e+04
3.95000000e+01 1.17777563e+00 1.16079863e+04
4.00000000e+01 1.17708769e+00 1.16679098e+04
