# columns: Temperatures (K), nu, Resistance (ohms)
2.50000000e-02 1.97913686e+00 1.13927376e+05
5.00000000e-02 1.97800393e+00 1.11810581e+05
1.00000000e-01 1.98629943e+00 1.08822535e+05
1.50000000e-01 1.97996412e+00 1.11088560e+05
2.00000000e-01 1.98592028e+00 1.07990950e+05
2.50000000e-01 1.98038587e+00 1.09213158e+05
3.00000000e-01 1.98185935e+00 1.07556115e+05
3.50000000e-01 1.98091446e+00 1.07665781e+05
4.00000000e-01 1.98501775e+00 1.09453790e+05
4.50000000e-01 1.99091149e+00 9.91187371e+04
5.00000000e-01 1.98272163e+00 1.06381445e+05
5.50000000e-01 1.98418812e+00 1.05336582e+05
6.00000000e-01 1.98398357e+00 1.01791134e+05
6.50000000e-01 1.98341624e+00 1.00956424e+05
7.00000000e-01 1.98853122e+00 9.44860996e+04
7.50000000e-01 1.98353900e+00 9.33803762e+04
8.00000000e-01 1.98440713e+00 9.51898106e+04
8.50000000e-01 1.98398696e+00 9.21107792e+04
9.00000000e-01 1.98405184e+00 9.01003986e+04
9.50000000e-01 1.98392095e+00 8.74648585e+04
1.00000000e+00 1.98320826e+00 8.49267985e+04
1.05000000e+00 1.98307005e+00 8.28640414e+04
1.10000000e+00 1.98251567e+00 8.04160109e+04
1.15000000e+00 1.98272612e+00 7.85499358e+04
1.20000000e+00 1.98252789e+00 7.60997518e+04
1.25000000e+00 1.97358941e+00 7.82047393e+04
1.30000000e+00 1.98330228e+00 7.09835816e+04
1.35000000e+00 1.98361664e+00 6.89575871e+04
1.40000000e+00 1.98350903e+00 7.06111106e+04
1.45000000e+00 1.98343315e+00 6.90375798e+04
1.50000000e+00 1.98343218e+00 6.79180429e+04
1.55000000e+00 1.98788527e+00 6.23864781e+04
1.60000000e+00 1.98347870e+00 6.33385911e+04
1.65000000e+00 1.98292041e+00 6.23217323e+04
1.70000000e+00 1.98336610e+00 6.07427353e+04
1.75000000e+00 1.98339073e+00 5.68001214e+04
1.80000000e+00 1.98342080e+00 5.76063667e+04
1.85000000e+00 1.98369890e+00 5.43240041e+04
1.90000000e+00 1.98324024e+00 5.55222320e+04
1.95000000e+00 1.98350009e+00 5.23318370e+04
2.00000000e+00 1.98315958e+00 5.26911406e+04
2.10000000e+00 1.98204720e+00 5.08776034e+04
2.20000000e+00 1.98123887e+00 4.42990378e+04
2.30000000e+00 1.98298668e+00 4.61361245e+04
2.40000000e+00 1.98243714e+00 4.44056933e+04
2.50000000e+00 1.98257445e+00 4.21476980e+04
2.60000000e+00 1.98284747e+00 3.90589565e+04
2.70000000e+00 1.98172173e+00 3.88277327e+04
2.80000000e+00 1.98238694e+00 3.72956962e+04
2.90000000e+00 1.98172258e+00 3.61806957e+04
3.00000000e+00 1.98192486e+00 3.49002121e+04
3.10000000e+00 1.98174011e+00 3.34983741e+04
3.20000000e+00 1.98220369e+00 3.26365094e+04
3.30000000e+00 1.98136415e+00 3.15988586e+04
3.40000000e+00 1.98216739e+00 3.05296931e+04
3.50000000e+00 1.98241994e+00 2.93781206e+04
3.60000000e+00 1.98150952e+00 2.86028589e+04
3.70000000e+00 1.98349890e+00 2.79471737e+04
3.80000000e+00 1.98315346e+00 2.69731201e+04
3.90000000e+00 1.98270950e+00 2.61461893e+04
4.00000000e+00 1.98321202e+00 2.53683053e+04
4.10000000e+00 1.98280311e+00 2.47531450e+04
4.20000000e+00 1.98164442e+00 2.41299694e+04
4.30000000e+00 1.98246845e+00 2.34749977e+04
4.40000000e+00 1.98208531e+00 2.29688896e+04
4.50000000e+00 1.98333870e+00 2.22397868e+04
4.60000000e+00 1.98274660e+00 2.19882247e+04
4.70000000e+00 1.98332211e+00 2.14961005e+04
4.80000000e+00 1.98314998e+00 2.10220483e+04
4.90000000e+00 1.98382391e+00 2.06640252e+04
5.00000000e+00 1.98383796e+00 2.04743245e+04
5.10000000e+00 1.98441993e+00 2.01821842e+04
5.20000000e+00 1.98383630e+00 1.98851067e+04
5.30000000e+00 1.98445561e+00 1.96777814e+04
5.40000000e+00 1.98640926e+00 1.94309221e+04
5.50000000e+00 1.98710807e+00 1.92239914e+04
5.60000000e+00 1.98787754e+00 1.90169014e+04
5.70000000e+00 1.99000271e+00 1.88698239e+04
5.80000000e+00 1.99013406e+00 1.87268116e+04
5.90000000e+00 1.99285052e+00 1.85913988e+04
6.00000000e+00 1.99474013e+00 1.84534041e+04
6.10000000e+00 1.99503424e+00 1.83625660e+04
6.20000000e+00 1.99599491e+00 1.82506087e+04
6.30000000e+00 1.99844739e+00 1.81882296e+04
6.40000000e+00 1.99970731e+00 1.81051987e+04
6.50000000e+00 2.00131271e+00 1.80165871e+04
6.60000000e+00 2.00315947e+00 1.79772166e+04
6.70000000e+00 2.00524079e+00 1.79105303e+04
6.80000000e+00 2.00565965e+00 1.78722817e+04
6.90000000e+00 2.00737745e+00 1.78347536e+04
7.00000000e+00 2.00867694e+00 1.78366774e+04
7.10000000e+00 2.00871629e+00 1.78041411e+04
7.20000000e+00 2.00985839e+00 1.77479595e+04
7.30000000e+00 2.01342374e+00 1.77601678e+04
7.40000000e+00 2.01370435e+00 1.77609816e+04
7.50000000e+00 2.01489907e+00 1.77442986e+04
7.60000000e+00 2.01701533e+00 1.77293400e+04
7.70000000e+00 2.01815971e+00 1.77348185e+04
7.80000000e+00 2.02001843e+00 1.77463005e+04
7.90000000e+00 2.02144681e+00 1.77426608e+04
8.00000000e+00 2.02291438e+00 1.77432601e+04
8.10000000e+00 2.02282854e+00 1.77596531e+04
8.20000000e+00 2.02587406e+00 1.77580936e+04
8.30000000e+00 2.02642086e+00 1.77717427e+04
8.40000000e+00 2.02683394e+00 1.77781007e+04
8.50000000e+00 2.02700620e+00 1.77931914e+04
8.60000000e+00 2.02805268e+00 1.78429797e+04
8.70000000e+00 2.02949792e+00 1.78395602e+04
8.80000000e+00 2.03224455e+00 1.78686626e+04
8.90000000e+00 2.03306070e+00 1.78851324e+04
9.00000000e+00 2.03360495e+00 1.79134488e+04
9.10000000e+00 2.03552781e+00 1.79431805e+04
9.20000000e+00 2.03479632e+00 1.79572900e+04
9.30000000e+00 2.03724594e+00 1.79796904e+04
9.40000000e+00 2.03840917e+00 1.79799331e+04
9.50000000e+00 2.03903757e+00 1.80429129e+04
9.60000000e+00 2.04016352e+00 1.80482016e+04
9.70000000e+00 2.04039930e+00 1.80969517e+04
9.80000000e+00 2.04471369e+00 1.80967469e+04
9.90000000e+00 2.04473932e+00 1.81212790e+04
1.00000000e+01 2.04536994e+00 1.81652121e+04
1.05000000e+01 2.04942036e+00 1.82743340e+04
1.10000000e+01 2.05350434e+00 1.84258287e+04
1.15000000e+01 2.05743913e+00 1.85825700e+04
1.20000000e+01 2.06101122e+00 1.86842334e+04
1.25000000e+01 2.06391882e+00 1.88113530e+04
1.30000000e+01 2.06588424e+00 1.89657932e+04
1.35000000e+01 2.06899191e+00 1.90575230e+04
1.40000000e+01 2.07122682e+00 1.91730421e+04
1.45000000e+01 2.07324043e+00 1.92907552e+04
1.50000000e+01 2.07454416e+00 1.94150865e+04
1.55000000e+01 2.07705608e+00 1.95235405e+04
1.60000000e+01 2.07845310e+00 1.96187847e+04
1.65000000e+01 2.07991296e+00 1.97328879e+04
1.70000000e+01 2.07951662e+00 1.98198135e+04
1.75000000e+01 2.08191979e+00 1.99373488e+04
1.80000000e+01 2.08213627e+00 2.00142485e+04
1.85000000e+01 2.08395419e+00 2.01023003e+04
1.90000000e+01 2.08419330e+00 2.01871957e+04
1.95000000e+01 2.08576271e+00 2.02648103e+04
2.00000000e+01 2.08601586e+00 2.03379831e+04
2.05000000e+01 2.08921750e+00 2.04263905e+04
2.10000000e+01 2.08800266e+00 2.04973403e+04
2.15000000e+01 2.08822984e+00 2.05529758e+04
2.20000000e+01 2.08976609e+00 2.05994303e+04
2.25000000e+01 2.09007122e+00 2.06859345e+04
2.30000000e+01 2.09208800e+00 2.07632935e+04
2.35000000e+01 2.09018066e+00 2.08013955e+04
2.40000000e+01 2.09281359e+00 2.08795351e+04
2.45000000e+01 2.09308181e+00 2.09268900e+04
2.50000000e+01 2.09398418e+00 2.09581372e+04
2.55000000e+01 2.09283877e+00 2.10368907e+04
2.60000000e+01 2.09426968e+00 2.10981815e+04
2.65000000e+01 2.09617567e+00 2.11392619e+04
2.70000000e+01 2.09843941e+00 2.11834027e+04
2.75000000e+01 2.09613928e+00 2.12393356e+04
2.80000000e+01 2.09938076e+00 2.12742027e+04
2.85000000e+01 2.09810083e+00 2.13341878e+04
2.90000000e+01 2.09919416e+00 2.13437424e+04
2.95000000e+01 2.09961659e+00 2.13883042e+04
3.00000000e+01 2.10122929e+00 2.14270389e+04
3.05000000e+01 2.10380648e+00 2.14640058e+04
3.10000000e+01 2.10449550e+00 2.14938716e+04
3.15000000e+01 2.10333315e+00 2.16118829e+04
3.20000000e+01 2.10443289e+00 2.16379916e+04
3.25000000e+01 2.10942311e+00 2.16745978e+04
3.30000000e+01 2.10736534e+00 2.16887928e+04
3.35000000e+01 2.10837449e+00 2.17045445e+04
3.40000000e+01 2.11191778e+00 2.17389360e+04
3.45000000e+01 2.11001524e+00 2.17610071e+04
3.50000000e+01 2.10818270e+00 2.17966352e+04
3.55000000e+01 2.11292746e+00 2.18346367e+04
3.60000000e+01 2.11299671e+00 2.18479825e+04
3.65000000e+01 2.11689172e+00 2.18662538e+04
3.70000000e+01 2.11906785e+00 2.19195890e+04
3.75000000e+01 2.11855617e+00 2.19122168e+04
3.80000000e+01 2.12022828e+00 2.19389658e+04
3.85000000e+01 2.12253481e+00 2.19505682e+04
3.90000000e+01 2.12090448e+00 2.19589164e+04
3.95000000e+01 2.12212529e+00 2.19836418e+04
4.00000000e+01 2.12718466e+00 2.20306359e+04
