# columns: Temperatures (K), nu, Resistance (ohms)
1.50000000e+01 1.30308831e+00 1.68920256e+03
1.55000000e+01 1.27646825e+00 1.73936014e+03
1.60000000e+01 1.25860971e+00 1.78992973e+03
1.65000000e+01 1.26076072e+00 1.83833430e+03
1.70000000e+01 1.25816890e+00 1.87736166e+03
1.75000000e+01 1.26066155e+00 1.92375465e+03
1.80000000e+01 1.23285959e+00 1.97607450e+03
1.85000000e+01 1.23290836e+00 2.01761662e+03
1.90000000e+01 1.24040421e+00 2.06010425e+03
1.95000000e+01 1.20669354e+00 2.11261289e+03
2.00000000e+01 1.22051519e+00 2.15237794e+03
2.05000000e+01 1.21421596e+00 2.20043671e+03
2.10000000e+01 1.21785708e+00 2.23849881e+03
2.15000000e+01 1.20525000e+00 2.29128401e+03
2.20000000e+01 1.20293203e+00 2.33428784e+03
2.25000000e+01 1.19889678e+00 2.37948151e+03
2.30000000e+01 1.19068350e+00 2.42037017e+03
2.35000000e+01 1.18566776e+00 2.46417133e+03
2.40000000e+01 1.18496254e+00 2.51068780e+03
2.45000000e+01 1.18234562e+00 2.54994889e+03
2.50000000e+01 1.17855242e+00 2.59576866e+03
2.55000000e+01 1.17059477e+00 2.63810195e+03
2.60000000e+01 1.17257807e+00 2.67886056e+03
2.65000000e+01 1.16671528e+00 2.72293182e+03
2.70000000e+01 1.16793775e+00 2.76759014e+03
2.75000000e+01 1.17128340e+00 2.80289696e+03
2.80000000e+01 1.16868178e+00 2.84462026e+03
2.85000000e+01 1.15539397e+00 2.89278367e+03
2.90000000e+01 1.15370579e+00 2.93458691e+03
2.95000000e+01 1.15444252e+00 2.97132152e+03
3.00000000e+01 1.15254510e+00 3.01481828e+03
3.05000000e+01 1.15115332e+00 3.06071985e+03
3.10000000e+01 1.15302024e+00 3.09632937e+03
3.15000000e+01 1.14501001e+00 3.13863622e+03
3.20000000e+01 1.13680033e+00 3.18420136e+03
3.25000000e+01 1.14570428e+00 3.22027249e+03
3.30000000e+01 1.14200316e+00 3.25780720e+03
3.35000000e+01 1.13472992e+00 3.29436296e+03
3.40000000e+01 1.13462529e+00 3.33723880e+03
3.45000000e+01 1.13376183e+00 3.37681813e+03
3.50000000e+01 1.13676140e+00 3.41205627e+03
3.55000000e+01 1.13148541e+00 3.45814331e+03
3.60000000e+01 1.13001730e+00 3.49574635e+03
3.65000000e+01 1.12387158e+00 3.52961202e+03
3.70000000e+01 1.12833408e+00 3.56796083e+03
3.75000000e+01 1.12232601e+00 3.60465094e+03
3.80000000e+01 1.11460465e+00 3.64885039e+03
3.85000000e+01 1.12000647e+00 3.68452653e+03
3.90000000e+01 1.11933051e+00 3.71984759e+03
3.95000000e+01 1.11324025e+00 3.75588946e+03
4.00000000e+01 1.11262842e+00 3.79097692e+03
