# columns: Temperatures (K), nu, Resistance (ohms)
1.30000000e+00 2.24351863e+00 1.03031461e+03
1.35000000e+00 2.24696451e+00 1.03109826e+03
1.40000000e+00 2.23806935e+00 1.04126444e+03
1.45000000e+00 2.24589496e+00 1.04119633e+03
1.50000000e+00 2.23551231e+00 1.04961475e+03
1.55000000e+00 2.24955150e+00 1.05862140e+03
1.60000000e+00 2.23933922e+00 1.06473443e+03
1.65000000e+00 2.23189337e+00 1.06428387e+03
1.70000000e+00 2.24107878e+00 1.07382061e+03
1.75000000e+00 2.23972239e+00 1.07688196e+03
1.80000000e+00 2.24139821e+00 1.07832852e+03
1.85000000e+00 2.24355221e+00 1.08170756e+03
1.90000000e+00 2.24005816e+00 1.08792835e+03
1.95000000e+00 2.23606921e+00 1.08924831e+03
2.00000000e+00 2.24242632e+00 1.09142686e+03
2.10000000e+00 2.23830089e+00 1.09325810e+03
2.20000000e+00 2.24348643e+00 1.10248647e+03
2.30000000e+00 2.25652376e+00 1.11085471e+03
2.40000000e+00 2.24619022e+00 1.11760883e+03
2.50000000e+00 2.25613038e+00 1.12380068e+03
2.60000000e+00 2.25234899e+00 1.12994683e+03
2.70000000e+00 2.25626668e+00 1.14562109e+03
2.80000000e+00 2.25610664e+00 1.14520905e+03
2.90000000e+00 2.26893153e+00 1.15622793e+03
3.00000000e+00 2.26070359e+00 1.16430732e+03
3.10000000e+00 2.27366707e+00 1.16702899e+03
3.20000000e+00 2.27500684e+00 1.18157300e+03
3.30000000e+00 2.27621762e+00 1.19187520e+03
3.40000000e+00 2.28374005e+00 1.20180923e+03
3.50000000e+00 2.28543055e+00 1.20834116e+03
3.60000000e+00 2.28993302e+00 1.21702090e+03
3.70000000e+00 2.29626007e+00 1.22629653e+03
3.80000000e+00 2.29952966e+00 1.23475423e+03
3.90000000e+00 2.29772455e+00 1.24478073e+03
4.00000000e+00 2.30729306e+00 1.25557345e+03
4.10000000e+00 2.30133257e+00 1.26467588e+03
4.20000000e+00 2.31036853e+00 1.27176382e+03
4.30000000e+00 2.31746870e+00 1.28212627e+03
4.40000000e+00 2.31232635e+00 1.29148601e+03
4.50000000e+00 2.31278909e+00 1.30180137e+03
4.60000000e+00 2.32751133e+00 1.31057959e+03
4.70000000e+00 2.32555555e+00 1.31689971e+03
4.80000000e+00 2.33467496e+00 1.32910242e+03
4.90000000e+00 2.31740886e+00 1.33866653e+03
5.00000000e+00 2.32943631e+00 1.34931321e+03
5.10000000e+00 2.33519515e+00 1.35698491e+03
5.20000000e+00 2.33692590e+00 1.36503670e+03
5.30000000e+00 2.33888511e+00 1.37449073e+03
5.40000000e+00 2.33375483e+00 1.37981069e+03
5.50000000e+00 2.34352132e+00 1.39104218e+03
5.60000000e+00 2.33637954e+00 1.40063451e+03
5.70000000e+00 2.34750841e+00 1.40781150e+03
5.80000000e+00 2.34238993e+00 1.41792965e+03
5.90000000e+00 2.34557094e+00 1.42788037e+03
6.00000000e+00 2.34941862e+00 1.43054214e+03
6.10000000e+00 2.34939881e+00 1.44494922e+03
6.20000000e+00 2.34698115e+00 1.45008996e+03
6.30000000e+00 2.34684718e+00 1.46390130e+03
6.40000000e+00 2.35674320e+00 1.46850661e+03
6.50000000e+00 2.34954459e+00 1.47793026e+03
6.60000000e+00 2.35263702e+00 1.48725378e+03
6.70000000e+00 2.35529743e+00 1.49493059e+03
6.80000000e+00 2.35543366e+00 1.50601669e+03
6.90000000e+00 2.35833461e+00 1.51307516e+03
7.00000000e+00 2.36641340e+00 1.52407566e+03
7.10000000e+00 2.35840395e+00 1.53217461e+03
7.20000000e+00 2.36263887e+00 1.53713420e+03
7.30000000e+00 2.36000739e+00 1.55112895e+03
7.40000000e+00 2.35938640e+00 1.55059016e+03
7.50000000e+00 2.36315714e+00 1.56619410e+03
7.60000000e+00 2.35850447e+00 1.57105012e+03
7.70000000e+00 2.37102191e+00 1.58004374e+03
7.80000000e+00 2.36892102e+00 1.59043854e+03
7.90000000e+00 2.36520873e+00 1.59850956e+03
8.00000000e+00 2.36805389e+00 1.60724265e+03
8.10000000e+00 2.36580613e+00 1.61241462e+03
8.20000000e+00 2.36861720e+00 1.62065858e+03
8.30000000e+00 2.36722747e+00 1.63041895e+03
8.40000000e+00 2.37169126e+00 1.63906632e+03
8.50000000e+00 2.36546946e+00 1.64842706e+03
8.60000000e+00 2.36574781e+00 1.65636630e+03
8.70000000e+00 2.36193221e+00 1.66750523e+03
8.80000000e+00 2.37408617e+00 1.66986309e+03
8.90000000e+00 2.36556790e+00 1.68676981e+03
9.00000000e+00 2.36787957e+00 1.69409312e+03
9.10000000e+00 2.36935008e+00 1.69726572e+03
9.20000000e+00 2.36849944e+00 1.71085604e+03
9.30000000e+00 2.37386071e+00 1.71415006e+03
9.40000000e+00 2.36918185e+00 1.72295381e+03
9.50000000e+00 2.37326431e+00 1.72911963e+03
9.60000000e+00 2.38041815e+00 1.74231080e+03
9.70000000e+00 2.36951862e+00 1.75034476e+03
9.80000000e+00 2.37839566e+00 1.75873891e+03
9.90000000e+00 2.37704443e+00 1.76463116e+03
1.00000000e+01 2.36902415e+00 1.77507717e+03
1.05000000e+01 2.38046988e+00 1.81700185e+03
1.10000000e+01 2.37659868e+00 1.85671797e+03
1.15000000e+01 2.37881544e+00 1.90243264e+03
1.20000000e+01 2.38898986e+00 1.93801763e+03
1.25000000e+01 2.39722158e+00 1.97777988e+03
1.30000000e+01 2.39170481e+00 2.01972700e+03
1.35000000e+01 2.39984061e+00 2.06059510e+03
1.40000000e+01 2.39435060e+00 2.10143142e+03
1.45000000e+01 2.39123798e+00 2.14092247e+03
1.50000000e+01 2.38820849e+00 2.18115364e+03
1.55000000e+01 2.38167892e+00 2.21539717e+03
1.60000000e+01 2.39568771e+00 2.26209652e+03
1.65000000e+01 2.37748049e+00 2.30679240e+03
1.70000000e+01 2.38747427e+00 2.34437011e+03
1.75000000e+01 2.36908815e+00 2.38288465e+03
1.80000000e+01 2.38888668e+00 2.41528516e+03
1.85000000e+01 2.38014470e+00 2.45778079e+03
1.90000000e+01 2.37067426e+00 2.49559099e+03
1.95000000e+01 2.37419594e+00 2.53241132e+03
2.00000000e+01 2.38360908e+00 2.56836682e+03
2.05000000e+01 2.36437822e+00 2.60873225e+03
2.10000000e+01 2.37529204e+00 2.64255250e+03
2.15000000e+01 2.37059731e+00 2.67879265e+03
2.20000000e+01 2.36420710e+00 2.71515981e+03
2.25000000e+01 2.34376956e+00 2.75399911e+03
2.30000000e+01 2.35732956e+00 2.78714684e+03
2.35000000e+01 2.35578616e+00 2.81822370e+03
2.40000000e+01 2.34336203e+00 2.85569232e+03
2.45000000e+01 2.34629650e+00 2.88652503e+03
2.50000000e+01 2.34817920e+00 2.92205746e+03
2.55000000e+01 2.33385161e+00 2.95511299e+03
2.60000000e+01 2.32232063e+00 2.98616320e+03
2.65000000e+01 2.31855532e+00 3.02472197e+03
2.70000000e+01 2.30791232e+00 3.05432872e+03
2.75000000e+01 2.31797214e+00 3.07997590e+03
2.80000000e+01 2.30836342e+00 3.11119848e+03
2.85000000e+01 2.30787811e+00 3.14529898e+03
2.90000000e+01 2.29745386e+00 3.18212009e+03
2.95000000e+01 2.29093147e+00 3.20809774e+03
3.00000000e+01 2.29601548e+00 3.24003934e+03
3.05000000e+01 2.28382033e+00 3.27116861e+03
3.10000000e+01 2.28134671e+00 3.29411758e+03
3.15000000e+01 2.28323383e+00 3.32901922e+03
3.20000000e+01 2.27277690e+00 3.35461252e+03
3.25000000e+01 2.26355535e+00 3.38326607e+03
3.30000000e+01 2.25917475e+00 3.41369439e+03
3.35000000e+01 2.25370008e+00 3.44364875e+03
3.40000000e+01 2.24709882e+00 3.47068191e+03
3.45000000e+01 2.25432974e+00 3.49672826e+03
3.50000000e+01 2.23627009e+00 3.51910571e+03
3.55000000e+01 2.23172254e+00 3.54934232e+03
3.60000000e+01 2.22691257e+00 3.57835197e+03
3.65000000e+01 2.22545182e+00 3.60101848e+03
3.70000000e+01 2.22083070e+00 3.62305021e+03
3.75000000e+01 2.20537011e+00 3.64899596e+03
3.80000000e+01 2.19901089e+00 3.68144140e+03
3.85000000e+01 2.20457598e+00 3.70284230e+03
3.90000000e+01 2.19656468e+00 3.72387059e+03
3.95000000e+01 2.19067773e+00 3.75139714e+03
4.00000000e+01 2.17529609e+00 3.77148950e+03
