# columns: Temperatures (K), nu, Resistance (ohms)
2.50000000e-02 1.01059736e+00 1.13335445e+04
5.00000000e-02 1.00603139e+00 1.12162591e+04
1.00000000e-01 1.00715704e+00 1.11238359e+04
1.50000000e-01 1.00617408e+00 1.09430230e+04
2.00000000e-01 1.00471172e+00 1.07838419e+04
2.50000000e-01 1.00506388e+00 1.08072864e+04
3.00000000e-01 9.97982846e-01 1.07879493e+04
3.50000000e-01 1.00569491e+00 1.05731332e+04
4.00000000e-01 1.00347483e+00 1.05931696e+04
4.50000000e-01 1.00776623e+00 1.05022221e+04
5.00000000e-01 1.00591361e+00 1.04195326e+04
5.50000000e-01 1.00556778e+00 1.03702860e+04
6.00000000e-01 1.00074487e+00 1.04812526e+04
6.50000000e-01 1.00092527e+00 1.03596809e+04
7.00000000e-01 9.98325357e-01 1.03441093e+04
7.50000000e-01 1.00139170e+00 1.02927810e+04
8.00000000e-01 9.98993104e-01 1.02682568e+04
8.50000000e-01 1.00027314e+00 1.02419024e+04
9.00000000e-01 1.00041938e+00 1.02255021e+04
9.50000000e-01 9.97939814e-01 1.01791800e+04
1.00000000e+00 9.98127236e-01 1.02286568e+04
1.05000000e+00 9.99047030e-01 1.01489694e+04
1.10000000e+00 9.92325555e-01 1.02717923e+04
1.15000000e+00 9.98127494e-01 1.01591316e+04
1.20000000e+00 9.92195696e-01 1.02305873e+04
1.25000000e+00 9.92098906e-01 1.02017517e+04
1.30000000e+00 9.98025423e-01 1.01307342e+04
1.35000000e+00 9.90206580e-01 1.02322786e+04
1.40000000e+00 9.96568504e-01 1.01530398e+04
1.45000000e+00 9.90487721e-01 1.02653466e+04
1.50000000e+00 9.97615839e-01 1.01567824e+04
1.55000000e+00 9.95600512e-01 1.01671254e+04
1.60000000e+00 9.98669396e-01 1.01739620e+04
1.65000000e+00 9.88153804e-01 1.03329830e+04
1.70000000e+00 9.97491812e-01 1.02154388e+04
1.75000000e+00 9.96339145e-01 1.02600108e+04
1.80000000e+00 9.90858144e-01 1.03542056e+04
1.85000000e+00 9.87820807e-01 1.04226796e+04
1.90000000e+00 9.96363350e-01 1.02693198e+04
1.95000000e+00 9.97064529e-01 1.03454829e+04
2.00000000e+00 9.96437971e-01 1.03152622e+04
2.10000000e+00 9.88588657e-01 1.05483277e+04
2.20000000e+00 9.91396145e-01 1.05901681e+04
2.30000000e+00 9.99463828e-01 1.05558336e+04
2.40000000e+00 9.97779015e-01 1.06708014e+04
2.50000000e+00 9.91541346e-01 1.08597827e+04
2.60000000e+00 1.00115519e+00 1.08195860e+04
2.70000000e+00 9.90884499e-01 1.10952995e+04
2.80000000e+00 1.00210369e+00 1.10837271e+04
2.90000000e+00 9.93255252e-01 1.12849310e+04
3.00000000e+00 1.00096020e+00 1.13272144e+04
3.10000000e+00 1.00323316e+00 1.14362033e+04
3.20000000e+00 9.94120788e-01 1.16361915e+04
3.30000000e+00 9.94945164e-01 1.17960575e+04
3.40000000e+00 1.00209516e+00 1.18570240e+04
3.50000000e+00 1.00456263e+00 1.19768952e+04
3.60000000e+00 9.95983153e-01 1.21587175e+04
3.70000000e+00 9.95917331e-01 1.23532263e+04
3.80000000e+00 9.96606178e-01 1.24616430e+04
3.90000000e+00 1.00493010e+00 1.25632643e+04
4.00000000e+00 1.00526265e+00 1.27390153e+04
4.10000000e+00 1.00393507e+00 1.28599949e+04
4.20000000e+00 1.00340633e+00 1.30620664e+04
4.30000000e+00 1.00504329e+00 1.32047941e+04
4.40000000e+00 1.00461330e+00 1.33527315e+04
4.50000000e+00 1.00453212e+00 1.35055512e+04
4.60000000e+00 1.00590203e+00 1.36834839e+04
4.70000000e+00 1.00473355e+00 1.38336449e+04
4.80000000e+00 1.00504480e+00 1.39899684e+04
4.90000000e+00 1.00622172e+00 1.41314538e+04
5.00000000e+00 1.00649838e+00 1.42864431e+04
5.10000000e+00 1.00617310e+00 1.44627658e+04
5.20000000e+00 1.00714780e+00 1.46089995e+04
5.30000000e+00 1.00767719e+00 1.47514695e+04
5.40000000e+00 1.00838853e+00 1.49249988e+04
5.50000000e+00 1.00820104e+00 1.50911009e+04
5.60000000e+00 1.00878144e+00 1.52775017e+04
5.70000000e+00 1.00961533e+00 1.54148258e+04
5.80000000e+00 1.01005686e+00 1.55661626e+04
5.90000000e+00 1.01001665e+00 1.57409653e+04
6.00000000e+00 1.01059387e+00 1.58988598e+04
6.10000000e+00 1.01059187e+00 1.60424764e+04
6.20000000e+00 1.01119735e+00 1.62025507e+04
6.30000000e+00 1.01209465e+00 1.63591413e+04
6.40000000e+00 1.01241300e+00 1.65316930e+04
6.50000000e+00 1.01255228e+00 1.66771950e+04
6.60000000e+00 1.01342882e+00 1.68587548e+04
6.70000000e+00 1.01373556e+00 1.69868465e+04
6.80000000e+00 1.01394431e+00 1.71614795e+04
6.90000000e+00 1.01443397e+00 1.73250589e+04
7.00000000e+00 1.01477601e+00 1.74700042e+04
7.10000000e+00 1.01537208e+00 1.76052851e+04
7.20000000e+00 1.01573789e+00 1.77565089e+04
7.30000000e+00 1.01610991e+00 1.79533543e+04
7.40000000e+00 1.01654692e+00 1.80471968e+04
7.50000000e+00 1.01640440e+00 1.82267086e+04
7.60000000e+00 1.01734214e+00 1.84141446e+04
7.70000000e+00 1.01707325e+00 1.85591262e+04
7.80000000e+00 1.01767152e+00 1.86848111e+04
7.90000000e+00 1.01830302e+00 1.88421117e+04
8.00000000e+00 1.01863113e+00 1.89721525e+04
8.10000000e+00 1.01894417e+00 1.91229923e+04
8.20000000e+00 1.01929625e+00 1.92870611e+04
8.30000000e+00 1.01926572e+00 1.94444710e+04
8.40000000e+00 1.01996835e+00 1.95621361e+04
8.50000000e+00 1.02033677e+00 1.96991466e+04
8.60000000e+00 1.02103485e+00 1.98634902e+04
8.70000000e+00 1.02022932e+00 2.00116376e+04
8.80000000e+00 1.02126549e+00 2.01279330e+04
8.90000000e+00 1.02176229e+00 2.02607558e+04
9.00000000e+00 1.02227139e+00 2.04067945e+04
9.10000000e+00 1.02265870e+00 2.05759360e+04
9.20000000e+00 1.02256535e+00 2.06914015e+04
9.30000000e+00 1.02291464e+00 2.08516477e+04
9.40000000e+00 1.02306359e+00 2.09573161e+04
9.50000000e+00 1.02349055e+00 2.10989749e+04
9.60000000e+00 1.02356015e+00 2.12385667e+04
9.70000000e+00 1.02345190e+00 2.14023385e+04
9.80000000e+00 1.02432531e+00 2.14714856e+04
9.90000000e+00 1.02456217e+00 2.16544395e+04
1.00000000e+01 1.02401747e+00 2.17762321e+04
1.05000000e+01 1.02631980e+00 2.23765191e+04
1.10000000e+01 1.02722699e+00 2.29712104e+04
1.15000000e+01 1.02706111e+00 2.36269905e+04
1.20000000e+01 1.02776638e+00 2.41778186e+04
1.25000000e+01 1.02931478e+00 2.46768099e+04
1.30000000e+01 1.02873296e+00 2.52254231e+04
1.35000000e+01 1.03213357e+00 2.56420668e+04
1.40000000e+01 1.03140993e+00 2.61412555e+04
1.45000000e+01 1.03234292e+00 2.65955595e+04
1.50000000e+01 1.03266610e+00 2.70292569e+04
1.55000000e+01 1.03375976e+00 2.74458862e+04
1.60000000e+01 1.03398820e+00 2.78562456e+04
1.65000000e+01 1.03422618e+00 2.82021077e+04
1.70000000e+01 1.03423294e+00 2.85470834e+04
1.75000000e+01 1.03492226e+00 2.89206391e+04
1.80000000e+01 1.03550273e+00 2.92164928e+04
1.85000000e+01 1.03604858e+00 2.95333528e+04
1.90000000e+01 1.03667562e+00 2.98230792e+04
1.95000000e+01 1.03800426e+00 3.00761646e+04
2.00000000e+01 1.03663448e+00 3.03813994e+04
2.05000000e+01 1.03755038e+00 3.06540175e+04
2.10000000e+01 1.03914215e+00 3.09046056e+04
2.15000000e+01 1.03825090e+00 3.11609841e+04
2.20000000e+01 1.03975145e+00 3.13748102e+04
2.25000000e+01 1.03899862e+00 3.16409072e+04
2.30000000e+01 1.04056660e+00 3.18635599e+04
2.35000000e+01 1.04039872e+00 3.20779134e+04
2.40000000e+01 1.04068499e+00 3.22857592e+04
2.45000000e+01 1.04034700e+00 3.24974620e+04
2.50000000e+01 1.04164252e+00 3.27306422e+04
2.55000000e+01 1.04224612e+00 3.29088881e+04
2.60000000e+01 1.04347227e+00 3.31264130e+04
2.65000000e+01 1.04264500e+00 3.33136070e+04
2.70000000e+01 1.04303322e+00 3.34922354e+04
2.75000000e+01 1.04441003e+00 3.37037804e+04
2.80000000e+01 1.04426024e+00 3.38592077e+04
2.85000000e+01 1.04555714e+00 3.40743519e+04
2.90000000e+01 1.04608093e+00 3.42412710e+04
2.95000000e+01 1.04561454e+00 3.44405902e+04
3.00000000e+01 1.04648321e+00 3.46156290e+04
3.05000000e+01 1.04688572e+00 3.48148419e+04
3.10000000e+01 1.04874937e+00 3.49697335e+04
3.15000000e+01 1.04849611e+00 3.51424454e+04
3.20000000e+01 1.04973947e+00 3.53447460e+04
3.25000000e+01 1.05144464e+00 3.55019771e+04
3.30000000e+01 1.05232326e+00 3.56712639e+04
3.35000000e+01 1.05225810e+00 3.58245234e+04
3.40000000e+01 1.05111949e+00 3.59948018e+04
3.45000000e+01 1.05423951e+00 3.61499281e+04
3.50000000e+01 1.05253350e+00 3.63198623e+04
3.55000000e+01 1.05466775e+00 3.64663104e+04
3.60000000e+01 1.05619664e+00 3.66436835e+04
3.65000000e+01 1.05663743e+00 3.68170578e+04
3.70000000e+01 1.05727574e+00 3.69685929e+04
3.75000000e+01 1.05890610e+00 3.71501158e+04
3.80000000e+01 1.05794895e+00 3.72901425e+04
3.85000000e+01 1.06025919e+00 3.74771626e+04
3.90000000e+01 1.06318346e+00 3.76256209e+04
3.95000000e+01 1.06154838e+00 3.77769509e+04
4.00000000e+01 1.06424024e+00 3.79282000e+04
