# columns: Temperatures (K), nu, Resistance (ohms)
2.50000000e-02 1.94024783e+00 1.47193463e+05
5.00000000e-02 1.94016658e+00 1.43370534e+05
1.00000000e-01 1.94018348e+00 1.43326332e+05
1.50000000e-01 1.93989206e+00 1.40827627e+05
2.00000000e-01 1.94036090e+00 1.36330630e+05
2.50000000e-01 1.94008214e+00 1.34835840e+05
3.00000000e-01 1.94021556e+00 1.29689249e+05
3.50000000e-01 1.93955625e+00 1.27293110e+05
4.00000000e-01 1.93897048e+00 1.22859152e+05
4.50000000e-01 1.93952452e+00 1.18426355e+05
5.00000000e-01 1.93931452e+00 1.14012254e+05
5.50000000e-01 1.93920176e+00 1.09705989e+05
6.00000000e-01 1.94221462e+00 1.02132633e+05
6.50000000e-01 1.93993302e+00 1.02200551e+05
7.00000000e-01 1.93962789e+00 9.88930220e+04
7.50000000e-01 1.94095713e+00 9.40269913e+04
8.00000000e-01 1.94180579e+00 8.99702128e+04
8.50000000e-01 1.94154482e+00 8.71903330e+04
9.00000000e-01 1.94245967e+00 8.42432902e+04
9.50000000e-01 1.94419483e+00 8.01556052e+04
1.00000000e+00 1.94489355e+00 7.72346995e+04
1.05000000e+00 1.94488527e+00 7.49806575e+04
1.10000000e+00 1.94597769e+00 7.26813313e+04
1.15000000e+00 1.94658576e+00 7.01008032e+04
1.20000000e+00 1.94855370e+00 6.76037980e+04
1.25000000e+00 1.95013240e+00 6.54762530e+04
1.30000000e+00 1.95331184e+00 6.26767054e+04
1.35000000e+00 1.95283428e+00 6.11161690e+04
1.40000000e+00 1.95298727e+00 5.87675473e+04
1.45000000e+00 1.95181351e+00 5.82354286e+04
1.50000000e+00 1.95318674e+00 5.55055887e+04
1.55000000e+00 1.95558327e+00 5.34083048e+04
1.60000000e+00 1.95273646e+00 5.34509404e+04
1.65000000e+00 1.95743603e+00 5.07525442e+04
1.70000000e+00 1.95888503e+00 4.91088673e+04
1.75000000e+00 1.95414284e+00 4.83757739e+04
1.80000000e+00 1.95499576e+00 4.69348091e+04
1.85000000e+00 1.95651150e+00 4.58844999e+04
1.90000000e+00 1.95505668e+00 4.58599744e+04
1.95000000e+00 1.95742594e+00 4.34719553e+04
2.00000000e+00 1.95580605e+00 4.35163341e+04
2.10000000e+00 1.95790855e+00 4.14274707e+04
2.20000000e+00 1.95837678e+00 4.02921061e+04
2.30000000e+00 1.95893643e+00 3.91411397e+04
2.40000000e+00 1.95975702e+00 3.77969257e+04
2.50000000e+00 1.95972390e+00 3.65696516e+04
2.60000000e+00 1.96101985e+00 3.58659988e+04
2.70000000e+00 1.96118276e+00 3.50073377e+04
2.80000000e+00 1.96155795e+00 3.45436582e+04
2.90000000e+00 1.96184699e+00 3.37898862e+04
3.00000000e+00 1.96231494e+00 3.32803888e+04
3.10000000e+00 1.96261376e+00 3.28145525e+04
3.20000000e+00 1.96266915e+00 3.25013514e+04
3.30000000e+00 1.96547525e+00 3.20645023e+04
3.40000000e+00 1.96343141e+00 3.19504087e+04
3.50000000e+00 1.96396023e+00 3.17135705e+04
3.60000000e+00 1.96401232e+00 3.15257678e+04
3.70000000e+00 1.96448478e+00 3.13939572e+04
3.80000000e+00 1.96476052e+00 3.12485525e+04
3.90000000e+00 1.96522668e+00 3.11319042e+04
4.00000000e+00 1.96564318e+00 3.11471046e+04
4.10000000e+00 1.96604398e+00 3.10822327e+04
4.20000000e+00 1.96613220e+00 3.11191982e+04
4.30000000e+00 1.96710000e+00 3.12180098e+04
4.40000000e+00 1.96738281e+00 3.12389077e+04
4.50000000e+00 1.96773634e+00 3.13066392e+04
4.60000000e+00 1.96799201e+00 3.14230230e+04
4.70000000e+00 1.96824549e+00 3.15154469e+04
4.80000000e+00 1.96871489e+00 3.15714148e+04
4.90000000e+00 1.96903749e+00 3.17050939e+04
5.00000000e+00 1.96952515e+00 3.17973196e+04
5.10000000e+00 1.97017640e+00 3.19567706e+04
5.20000000e+00 1.97035287e+00 3.20999160e+04
5.30000000e+00 1.97053053e+00 3.22542741e+04
5.40000000e+00 1.97111033e+00 3.24152068e+04
5.50000000e+00 1.97166192e+00 3.25915608e+04
5.60000000e+00 1.97223329e+00 3.27468519e+04
5.70000000e+00 1.97250991e+00 3.28838713e+04
5.80000000e+00 1.97282566e+00 3.31114903e+04
5.90000000e+00 1.97334375e+00 3.32755203e+04
6.00000000e+00 1.97414911e+00 3.34808227e+04
6.10000000e+00 1.97437602e+00 3.36391791e+04
6.20000000e+00 1.97496727e+00 3.39246632e+04
6.30000000e+00 1.97520892e+00 3.40939648e+04
6.40000000e+00 1.97562321e+00 3.43512343e+04
6.50000000e+00 1.97587863e+00 3.45353038e+04
6.60000000e+00 1.97624408e+00 3.47819930e+04
6.70000000e+00 1.97653392e+00 3.50197436e+04
6.80000000e+00 1.97718572e+00 3.52116356e+04
6.90000000e+00 1.97758166e+00 3.54941443e+04
7.00000000e+00 1.97792366e+00 3.56584850e+04
7.10000000e+00 1.97841415e+00 3.58639187e+04
7.20000000e+00 1.97865331e+00 3.61605134e+04
7.30000000e+00 1.97904749e+00 3.63687031e+04
7.40000000e+00 1.97930535e+00 3.65897335e+04
7.50000000e+00 1.97964257e+00 3.68236903e+04
7.60000000e+00 1.98006211e+00 3.71124900e+04
7.70000000e+00 1.98056443e+00 3.72852549e+04
7.80000000e+00 1.98088326e+00 3.75358803e+04
7.90000000e+00 1.98151686e+00 3.77787307e+04
8.00000000e+00 1.98172390e+00 3.80338521e+04
8.10000000e+00 1.98205040e+00 3.82289937e+04
8.20000000e+00 1.98225180e+00 3.84812952e+04
8.30000000e+00 1.98305056e+00 3.87509535e+04
8.40000000e+00 1.98320922e+00 3.89677360e+04
8.50000000e+00 1.98353327e+00 3.91811044e+04
8.60000000e+00 1.98400821e+00 3.94606283e+04
8.70000000e+00 1.98439966e+00 3.96776420e+04
8.80000000e+00 1.98469559e+00 3.98991152e+04
8.90000000e+00 1.98490619e+00 4.01520856e+04
9.00000000e+00 1.98538167e+00 4.03855084e+04
9.10000000e+00 1.98584514e+00 4.05856698e+04
9.20000000e+00 1.98612250e+00 4.09129170e+04
9.30000000e+00 1.98625211e+00 4.10865215e+04
9.40000000e+00 1.98674947e+00 4.13044095e+04
9.50000000e+00 1.98698618e+00 4.15676289e+04
9.60000000e+00 1.98747847e+00 4.17827550e+04
9.70000000e+00 1.98749611e+00 4.20364834e+04
9.80000000e+00 1.98773378e+00 4.22704001e+04
9.90000000e+00 1.98827335e+00 4.24864141e+04
1.00000000e+01 1.98831068e+00 4.27378938e+04
1.05000000e+01 1.98977147e+00 4.38738487e+04
1.10000000e+01 1.99105167e+00 4.49197648e+04
1.15000000e+01 1.99241088e+00 4.60015448e+04
1.20000000e+01 1.99397626e+00 4.69638476e+04
1.25000000e+01 1.99514611e+00 4.79018271e+04
1.30000000e+01 1.99640898e+00 4.88397266e+04
1.35000000e+01 1.99779362e+00 4.96595003e+04
1.40000000e+01 1.99880782e+00 5.05308849e+04
1.45000000e+01 1.99959949e+00 5.12981229e+04
1.50000000e+01 2.00055256e+00 5.20801114e+04
1.55000000e+01 2.00173127e+00 5.27913774e+04
1.60000000e+01 2.00218724e+00 5.34148886e+04
1.65000000e+01 2.00327462e+00 5.40259600e+04
1.70000000e+01 2.00448959e+00 5.46422350e+04
1.75000000e+01 2.00511870e+00 5.51973965e+04
1.80000000e+01 2.00592819e+00 5.57006158e+04
1.85000000e+01 2.00642172e+00 5.61303486e+04
1.90000000e+01 2.00758301e+00 5.66258165e+04
1.95000000e+01 2.00841465e+00 5.70472989e+04
2.00000000e+01 2.00873505e+00 5.74534588e+04
2.05000000e+01 2.00944515e+00 5.78589604e+04
2.10000000e+01 2.01004010e+00 5.81620089e+04
2.15000000e+01 2.01064271e+00 5.85057837e+04
2.20000000e+01 2.01200343e+00 5.87348839e+04
2.25000000e+01 2.01256968e+00 5.90951410e+04
2.30000000e+01 2.01378703e+00 5.92944205e+04
2.35000000e+01 2.01378010e+00 5.95852386e+04
2.40000000e+01 2.01544213e+00 5.97428435e+04
2.45000000e+01 2.01653648e+00 5.99946284e+04
2.50000000e+01 2.01716758e+00 6.01963255e+04
2.55000000e+01 2.01759578e+00 6.03820529e+04
2.60000000e+01 2.01822470e+00 6.05236547e+04
2.65000000e+01 2.01906853e+00 6.07463319e+04
2.70000000e+01 2.01969068e+00 6.09178549e+04
2.75000000e+01 2.01962388e+00 6.11016640e+04
2.80000000e+01 2.02041462e+00 6.12605624e+04
2.85000000e+01 2.02040824e+00 6.13982187e+04
2.90000000e+01 2.02170889e+00 6.15242029e+04
2.95000000e+01 2.02191896e+00 6.16212159e+04
3.00000000e+01 2.02295868e+00 6.17063085e+04
3.05000000e+01 2.02354554e+00 6.18149430e+04
3.10000000e+01 2.02444296e+00 6.19120134e+04
3.15000000e+01 2.02590411e+00 6.20906883e+04
3.20000000e+01 2.02624948e+00 6.21876965e+04
3.25000000e+01 2.02699974e+00 6.22915420e+04
3.30000000e+01 2.02828060e+00 6.23706514e+04
3.35000000e+01 2.02795196e+00 6.24489618e+04
3.40000000e+01 2.02933426e+00 6.24196346e+04
3.45000000e+01 2.03015517e+00 6.25877224e+04
3.50000000e+01 2.03141068e+00 6.26208366e+04
3.55000000e+01 2.03223070e+00 6.25895805e+04
3.60000000e+01 2.03320929e+00 6.26474234e+04
3.65000000e+01 2.03403577e+00 6.27746135e+04
3.70000000e+01 2.03390636e+00 6.27804443e+04
3.75000000e+01 2.03498829e+00 6.28264795e+04
3.80000000e+01 2.03614236e+00 6.29331028e+04
3.85000000e+01 2.03874129e+00 6.29154474e+04
3.90000000e+01 2.03834269e+00 6.30342074e+04
3.95000000e+01 2.03985192e+00 6.29974678e+04
4.00000000e+01 2.04039360e+00 6.31240164e+04
