# columns: Temperatures (K), nu, Resistance (ohms)
1.50000000e+01 1.32513668e+00 1.81578732e+02
1.60000000e+01 1.21227531e+00 1.89961240e+02
1.70000000e+01 1.20187504e+00 1.98372191e+02
1.80000000e+01 1.13473214e+00 2.07143742e+02
1.90000000e+01 1.17206806e+00 2.14839025e+02
2.00000000e+01 1.18228838e+00 2.23720810e+02
2.20000000e+01 1.18282030e+00 2.38366050e+02
2.40000000e+01 1.11985217e+00 2.56478667e+02
2.60000000e+01 1.08599761e+00 2.73705450e+02
2.80000000e+01 1.07665507e+00 2.89149517e+02
3.00000000e+01 1.02180851e+00 3.05165423e+02
3.20000000e+01 9.67827166e-01 3.20158422e+02
3.40000000e+01 8.72250102e-01 3.35495490e+02
3.60000000e+01 8.15991598e-01 3.50491231e+02
3.80000000e+01 8.87865165e-01 3.62816702e+02
4.00000000e+01 8.94175198e-01 3.75466450e+02
4.20000000e+01 8.62771917e-01 3.88993949e+02
4.40000000e+01 8.79583364e-01 4.00124336e+02
