# srdc_volt_set	lockin2_X	lockin2_Y
# "volt"	"X"	"Y"
# 301
8	1.60933e-06	-9.90934e-07
7.95	1.77325e-06	-1.08034e-06
7.9	2.07128e-06	-9.46227e-07
7.85	2.10853e-06	-8.94073e-07
7.8	2.56301e-06	-1.45287e-06
7.75	2.54811e-06	-1.49757e-06
7.7	2.15323e-06	-2.52576e-06
7.65	2.48106e-06	-2.65242e-06
7.6	3.42728e-06	-3.56139e-06
7.55	4.70135e-06	-4.82055e-06
7.5	7.42826e-06	-8.04669e-06
7.45	9.29093e-06	-9.10467e-06
7.4	1.22712e-05	-1.29715e-05
7.35	1.65255e-05	-1.73302e-05
7.3	1.9394e-05	-1.77623e-05
7.25	1.3508e-05	-1.14367e-05
7.2	1.2219e-05	-9.58896e-06
7.15	1.03415e-05	-1.0267e-05
7.1	9.62621e-06	-1.08556e-05
7.05	1.03862e-05	-7.95728e-06
7	1.22116e-05	-1.07438e-05
6.95	1.91258e-05	-2.25083e-05
6.9	0.000218437	-0.000218445
6.85	0.000218437	-0.000218445
6.8	0.000218437	-0.000218445
6.75	0.000218437	-0.000218445
6.7	0.000218437	-0.000218445
6.65	0.000218437	-0.000218445
6.6	0.000218437	-0.000218445
6.55	0.000218437	-0.000218445
6.5	0.000218437	-0.000192077
6.45	0.000218437	-0.0001214
6.4	0.000218437	-0.000118904
6.35	0.000218437	-0.000149348
6.3	0.000175872	-9.01525e-05
6.25	0.000133679	-7.62572e-05
6.2	0.000124902	-8.69264e-05
6.15	0.00016226	-0.000134752
6.1	0.000136674	-0.00011018
6.05	0.000191563	-0.000167117
6	0.000183464	-0.000155569
5.95	0.00015954	-0.000122518
5.9	0.000152283	-0.000118509
5.85	0.000172139	-0.000126929
5.8	0.000182466	-0.000157648
5.75	0.000191697	-0.000191377
5.7	0.000162267	-0.000157752
5.65	0.000181847	-0.000159749
5.6	0.000218437	-0.000218445
5.55	0.000218437	-0.000185647
5.5	0.000218437	-0.000218445
5.45	0.000218437	-0.000218445
5.4	0.000218437	-0.000176066
5.35	0.000218437	-0.000192554
5.3	0.000206039	-0.000147195
5.25	0.000126683	-8.07275e-05
5.2	0.000104681	-7.1377e-05
5.15	8.33948e-05	-5.43969e-05
5.1	6.57965e-05	-3.4869e-05
5.05	5.66992e-05	-2.65391e-05
5	4.95615e-05	-2.15621e-05
4.95	4.42045e-05	-1.90662e-05
4.9	3.81323e-05	-1.49757e-05
4.85	3.45858e-05	-1.31056e-05
4.8	3.05849e-05	-1.1623e-05
4.75	2.88562e-05	-1.06767e-05
4.7	2.6554e-05	-1.08258e-05
4.65	2.55556e-05	-1.0416e-05
4.6	2.36259e-05	-9.31328e-06
4.55	2.1346e-05	-8.1808e-06
4.5	1.94238e-05	-6.97377e-06
4.45	1.69651e-05	-6.75026e-06
4.4	1.58624e-05	-6.0946e-06
4.35	1.50651e-05	-5.55071e-06
4.3	1.41562e-05	-5.28994e-06
4.25	1.28598e-05	-5.06642e-06
4.2	1.24127e-05	-4.69389e-06
4.15	1.1772e-05	-4.59704e-06
4.1	1.14665e-05	-4.24686e-06
4.05	1.08556e-05	-4.09785e-06
4	1.01328e-05	-4.23941e-06
3.95	9.75287e-06	-4.00099e-06
3.9	9.32073e-06	-4.15745e-06
3.85	8.99291e-06	-4.11275e-06
3.8	9.19407e-06	-4.1798e-06
3.75	9.11212e-06	-4.1798e-06
3.7	9.05251e-06	-4.1649e-06
3.65	9.20153e-06	-4.38842e-06
3.6	9.28348e-06	-4.53743e-06
3.55	9.30583e-06	-4.82801e-06
3.5	1.01328e-05	-4.85036e-06
3.45	1.05724e-05	-4.82055e-06
3.4	1.11834e-05	-4.61939e-06
3.35	1.12951e-05	-4.64174e-06
3.3	1.12877e-05	-4.73115e-06
3.25	1.15485e-05	-4.57469e-06
3.2	1.15708e-05	-4.23941e-06
3.15	1.10418e-05	-4.44803e-06
3.1	1.09524e-05	-4.14255e-06
3.05	1.09673e-05	-3.85198e-06
3	1.07661e-05	-3.85198e-06
2.95	1.07289e-05	-3.621e-06
2.9	1.04905e-05	-3.33042e-06
2.85	1.01477e-05	-2.91319e-06
2.8	9.68581e-06	-2.69712e-06
2.75	9.28348e-06	-2.60027e-06
2.7	8.71724e-06	-2.55556e-06
2.65	8.08394e-06	-2.63007e-06
2.6	7.74866e-06	-2.54066e-06
2.55	7.53257e-06	-2.42145e-06
2.5	7.47296e-06	-2.27244e-06
2.45	7.27925e-06	-2.28734e-06
2.4	7.16749e-06	-2.22774e-06
2.35	6.94397e-06	-2.3693e-06
2.3	6.94397e-06	-2.3842e-06
2.25	7.04083e-06	-2.34695e-06
2.2	7.20474e-06	-2.30224e-06
2.15	7.24199e-06	-2.51086e-06
2.1	7.52512e-06	-2.42145e-06
2.05	7.58472e-06	-2.57046e-06
2	7.79337e-06	-2.77908e-06
1.95	7.70396e-06	-2.96535e-06
1.9	7.86042e-06	-2.99515e-06
1.85	7.69651e-06	-3.09946e-06
1.8	7.70396e-06	-2.86104e-06
1.75	7.47296e-06	-2.76418e-06
1.7	7.21964e-06	-2.45126e-06
1.65	6.6981e-06	-2.3842e-06
1.6	6.14676e-06	-2.28734e-06
1.55	5.61032e-06	-2.19049e-06
1.5	5.4613e-06	-1.98932e-06
1.45	5.28249e-06	-1.8552e-06
1.4	4.97702e-06	-1.72109e-06
1.35	4.68644e-06	-1.71364e-06
1.3	4.50018e-06	-1.71364e-06
1.25	4.30646e-06	-1.72854e-06
1.2	4.26921e-06	-1.73599e-06
1.15	4.30646e-06	-1.66149e-06
1.1	4.50018e-06	-1.59443e-06
1.05	4.54488e-06	-1.72854e-06
1	4.76095e-06	-1.68384e-06
0.949999999999999	4.93976e-06	-1.67639e-06
0.899999999999999	5.25269e-06	-1.8105e-06
0.85	5.56561e-06	-1.90736e-06
0.8	5.66992e-06	-2.04892e-06
0.75	6.11696e-06	-2.27989e-06
0.699999999999999	6.6832e-06	-2.414e-06
0.649999999999999	7.23454e-06	-2.60027e-06
0.6	7.71141e-06	-2.92809e-06
0.55	8.54587e-06	-3.26337e-06
0.5	9.77522e-06	-3.39003e-06
0.449999999999999	1.0945e-05	-3.6508e-06
0.399999999999999	1.21445e-05	-3.99354e-06
0.35	1.30833e-05	-4.88016e-06
0.3	1.39624e-05	-5.55071e-06
0.25	1.51843e-05	-5.89344e-06
0.199999999999999	1.66596e-05	-6.0946e-06
0.149999999999999	1.84627e-05	-6.72045e-06
0.0999999999999996	1.95132e-05	-7.10788e-06
0.0499999999999998	2.00869e-05	-7.04083e-06
0	1.79635e-05	-6.17656e-06
-0.0500000000000007	1.5624e-05	-4.79075e-06
-0.0999999999999996	1.39773e-05	-4.01589e-06
-0.15	1.25096e-05	-3.48689e-06
-0.200000000000001	1.11387e-05	-3.13671e-06
-0.25	9.65601e-06	-3.13671e-06
-0.300000000000001	8.77684e-06	-2.85359e-06
-0.35	8.12864e-06	-2.414e-06
-0.4	7.52512e-06	-2.11598e-06
-0.450000000000001	6.95887e-06	-1.89245e-06
-0.5	6.45968e-06	-1.71364e-06
-0.550000000000001	6.0201e-06	-1.33366e-06
-0.6	5.54326e-06	-1.38582e-06
-0.65	5.04407e-06	-1.34111e-06
-0.700000000000001	4.68644e-06	-1.32621e-06
-0.75	4.33627e-06	-1.2219e-06
-0.800000000000001	4.19471e-06	-1.08779e-06
-0.85	3.96374e-06	-1.08779e-06
-0.9	3.75511e-06	-1.04309e-06
-0.950000000000001	3.65825e-06	-9.68583e-07
-1	3.59119e-06	-8.4937e-07
-1.05	3.50179e-06	-8.27018e-07
-1.1	3.37513e-06	-8.94073e-07
-1.15	3.22612e-06	-1.00584e-06
-1.2	3.09946e-06	-9.98385e-07
-1.25	3.05475e-06	-9.98385e-07
-1.3	3.09946e-06	-9.38777e-07
-1.35	3.12926e-06	-8.41919e-07
-1.4	3.15161e-06	-8.04666e-07
-1.45	3.09201e-06	-8.27018e-07
-1.5	3.05475e-06	-8.5682e-07
-1.55	3.03985e-06	-8.34469e-07
-1.6	3.0771e-06	-8.94073e-07
-1.65	3.14416e-06	-8.41919e-07
-1.7	3.12181e-06	-8.71722e-07
-1.75	3.18886e-06	-9.23876e-07
-1.8	3.25592e-06	-8.4937e-07
-1.85	3.26337e-06	-9.38777e-07
-1.9	3.38258e-06	-9.46227e-07
-1.95	3.50924e-06	-9.38777e-07
-2	3.53904e-06	-1.01329e-06
-2.05	3.59864e-06	-1.03564e-06
-2.1	3.76256e-06	-9.76033e-07
-2.15	3.84453e-06	-1.00584e-06
-2.2	3.85198e-06	-1.02074e-06
-2.25	3.80726e-06	-1.15485e-06
-2.3	3.85198e-06	-1.1623e-06
-2.35	3.85943e-06	-1.19955e-06
-2.4	3.95629e-06	-1.15485e-06
-2.45	3.99354e-06	-1.13995e-06
-2.5	4.03079e-06	-1.1772e-06
-2.55	4.08295e-06	-1.207e-06
-2.6	4.17235e-06	-1.2219e-06
-2.65	4.26921e-06	-1.1623e-06
-2.7	4.38842e-06	-1.16975e-06
-2.75	4.48528e-06	-1.13995e-06
-2.8	4.60449e-06	-1.08034e-06
-2.85	4.76095e-06	-1.1474e-06
-2.9	4.96957e-06	-1.09524e-06
-2.95	5.19308e-06	-1.09524e-06
-3	5.357e-06	-1.11014e-06
-3.05	5.58796e-06	-1.2517e-06
-3.1	5.87109e-06	-1.33366e-06
-3.15	6.20636e-06	-1.46032e-06
-3.2	6.45968e-06	-1.51993e-06
-3.25	6.72045e-06	-1.64659e-06
-3.3	6.95887e-06	-1.72109e-06
-3.35	7.21219e-06	-1.8403e-06
-3.4	7.35375e-06	-1.8403e-06
-3.45	7.42826e-06	-1.8403e-06
-3.5	7.54747e-06	-1.78815e-06
-3.55	7.56237e-06	-1.80305e-06
-3.6	7.67416e-06	-1.71364e-06
-3.65	7.74121e-06	-1.61678e-06
-3.7	7.73376e-06	-1.54228e-06
-3.75	7.81572e-06	-1.43052e-06
-3.8	7.82317e-06	-1.50502e-06
-3.85	7.85297e-06	-1.54228e-06
-3.9	7.87532e-06	-1.57953e-06
-3.95	7.97218e-06	-1.63168e-06
-4	8.10629e-06	-1.60933e-06
-4.05	8.2553e-06	-1.57208e-06
-4.1	8.37451e-06	-1.56463e-06
-4.15	8.50117e-06	-1.54228e-06
-4.2	8.62783e-06	-1.57208e-06
-4.25	8.73959e-06	-1.58698e-06
-4.3	8.94075e-06	-1.63914e-06
-4.35	9.10467e-06	-1.60188e-06
-4.4	9.37289e-06	-1.54973e-06
-4.45	9.64111e-06	-1.60933e-06
-4.5	1.00509e-05	-1.72854e-06
-4.55	1.05277e-05	-1.8701e-06
-4.6	1.10195e-05	-2.09363e-06
-4.65	1.16751e-05	-2.46616e-06
-4.7	1.25394e-05	-2.66732e-06
-4.75	1.34633e-05	-2.89084e-06
-4.8	1.45734e-05	-3.10691e-06
-4.85	1.62498e-05	-3.50924e-06
-4.9	1.78741e-05	-3.89668e-06
-4.95	2.13088e-05	-4.7535e-06
-5	2.44902e-05	-5.69972e-06
-5.05	2.7828e-05	-6.45968e-06
-5.1	3.37514e-05	-7.89022e-06
-5.15	4.0591e-05	-9.48465e-06
-5.2	5.55071e-05	-1.19508e-05
-5.25	6.61467e-05	-1.43052e-05
-5.3	0.000107445	-2.44753e-05
-5.35	0.00016562	-4.24611e-05
-5.4	0.000218437	-0.000104383
-5.45	0.000218437	-0.000167654
-5.5	0.000218437	-0.000119329
-5.55	0.000218437	-0.00015276
-5.6	0.000218437	-0.000158274
-5.65	0.000218437	-0.000218445
-5.7	0.000218437	-0.000155696
-5.75	0.000218437	-0.000115537
-5.8	0.000218437	-0.000218445
-5.85	0.000218437	-0.000142292
-5.9	0.000218437	-0.000218445
-5.95	0.000218437	-0.000218445
-6	0.000218437	-0.000121184
-6.05	0.000218437	-0.00011611
-6.1	0.000218437	-0.000133001
-6.15	0.000218437	-0.000218445
-6.2	0.000218437	-0.000133813
-6.25	0.000218437	-0.000218445
-6.3	0.000218437	-0.000218445
-6.35	0.000218437	-0.000218445
-6.4	0.000218437	-0.000218445
-6.45	0.000218437	-0.000218445
-6.5	0.000218437	-0.000108622
-6.55	0.000218437	-0.000218445
-6.6	0.000218437	-0.000175835
-6.65	0.000218437	-4.05239e-05
-6.7	0.000218437	-5.12677e-05
-6.75	0.000218437	-9.09795e-05
-6.8	0.000218437	5.32719e-06
-6.85	0.000102856	9.39524e-06
-6.9	1.49683e-05	-2.92064e-06
-6.95	1.02372e-05	-5.51346e-06
-7	8.79919e-06	-5.34955e-06
