# srdc_volt_set	lockin1_X	lockin1_Y	lockin2_X	lockin2_Y
# "volt"	"X"	"Y"	"X"	"Y"
# 301
8	1.34037e-05	-7.04828e-06	1.68384e-06	-9.38777e-07
7.95	1.77176e-05	-9.65601e-06	1.70619e-06	-9.46227e-07
7.9	3.1844e-05	-1.62647e-05	2.04892e-06	-1.02074e-06
7.85	7.56611e-05	-3.74618e-05	2.03402e-06	-9.68583e-07
7.8	0.000218437	-0.000218445	2.46616e-06	-1.52738e-06
7.75	0.000218437	-0.000218445	2.48851e-06	-1.50502e-06
7.7	-0.000175365	-0.000218445	1.98187e-06	-2.3544e-06
7.65	-0.000218445	-0.000218445	2.39165e-06	-2.9728e-06
7.6	4.58884e-05	-0.000218445	3.34533e-06	-3.54649e-06
7.55	0.00019005	-0.000218445	4.93231e-06	-4.82801e-06
7.5	-0.000218445	-0.000218445	8.69489e-06	-8.12119e-06
7.45	-0.000218445	-0.000218445	9.84228e-06	-9.84228e-06
7.4	-0.000218445	-0.000218445	1.2152e-05	-1.58177e-05
7.35	-0.000218445	-0.000218445	1.59593e-05	-1.75462e-05
7.3	-0.000102863	-0.000218445	1.86862e-05	-1.73674e-05
7.25	-3.80652e-05	-0.000218445	1.30237e-05	-1.18912e-05
7.2	-1.64734e-05	-0.000218445	1.13398e-05	-8.89605e-06
7.15	-0.000218445	-0.000218445	1.02446e-05	-1.00807e-05
7.1	-0.000120827	-0.000218445	9.09722e-06	-1.1623e-05
7.05	5.58274e-05	-0.000218445	1.11387e-05	-9.20898e-06
7	-8.96682e-05	-0.000218445	1.2517e-05	-1.21147e-05
6.95	-0.000205577	-0.000218445	1.96696e-05	-2.29256e-05
6.9	-0.000196041	-0.000218445	0.000218437	-0.000218445
6.85	-0.000218445	-0.000218445	0.000218437	-0.000218445
6.8	-0.000218445	-0.000218445	0.000218437	-0.000218445
6.75	-0.000161656	8.64645e-05	0.000218437	-0.000218445
6.7	-0.000121594	0.000208625	0.000218437	-0.000218445
6.65	-0.000154027	6.31143e-05	0.000218437	-0.000218445
6.6	-7.58399e-05	-6.18477e-05	0.000218437	-0.000218445
6.55	-5.06344e-05	-3.78045e-05	0.000218437	-0.000218445
6.5	-7.91703e-05	-1.57059e-05	0.000218437	-0.00019876
6.45	2.30969e-07	-5.62e-05	0.000218437	-0.000117474
6.4	-2.98025e-07	-5.28323e-05	0.000210227	-0.000104465
6.35	-5.18637e-05	-1.24798e-05	0.000218437	-0.000155606
6.3	2.79249e-05	-4.48602e-05	0.000154571	-9.05846e-05
6.25	2.55705e-05	-4.52774e-05	0.000112243	-6.44554e-05
6.2	3.82143e-05	-3.90413e-05	0.000121154	-8.8044e-05
6.15	4.20364e-05	-4.2029e-05	0.000153967	-0.000133202
6.1	4.19545e-05	-3.77225e-05	0.000129261	-0.000109286
6.05	4.28336e-05	-3.88997e-05	0.00018149	-0.000157849
6	4.62981e-05	-4.05835e-05	0.000182093	-0.00015425
5.95	5.17147e-05	-4.07102e-05	0.000158333	-0.000121557
5.9	6.13783e-05	-4.73487e-05	0.000155048	-0.000116371
5.85	8.52798e-05	-6.49248e-05	0.000167386	-0.000122608
5.8	0.00011234	-0.000102096	0.000182488	-0.000158177
5.75	0.000101783	-0.000107706	0.000194781	-0.000196093
5.7	9.94434e-05	-0.000103504	0.000163645	-0.000160673
5.65	0.000100501	-9.34084e-05	0.000180126	-0.000157454
5.6	7.49161e-05	-7.57729e-05	0.000218437	-0.000218445
5.55	5.98135e-05	-4.78181e-05	0.000218437	-0.000183501
5.5	3.97491e-05	-3.34906e-05	0.000218437	-0.000218445
5.45	2.65614e-05	-2.113e-05	0.000218437	-0.000218445
5.4	2.23444e-05	-1.61008e-05	0.000218437	-0.000169047
5.35	1.86191e-05	-1.3873e-05	0.000218437	-0.000181326
5.3	1.70619e-05	-1.16528e-05	0.00019318	-0.000135184
5.25	1.69129e-05	-1.04532e-05	0.000128479	-8.13534e-05
5.2	1.61455e-05	-1.08779e-05	0.000102878	-7.07363e-05
5.15	1.8038e-05	-1.16677e-05	8.14949e-05	-5.32123e-05
5.1	1.90214e-05	-1.01254e-05	6.46417e-05	-3.46678e-05
5.05	1.57655e-05	-7.16004e-06	5.67439e-05	-2.6092e-05
5	1.28374e-05	-5.4315e-06	4.94646e-05	-2.10257e-05
4.95	1.08928e-05	-4.65664e-06	4.38916e-05	-1.91109e-05
4.9	1.02446e-05	-4.00099e-06	3.78566e-05	-1.49608e-05
4.85	9.86463e-06	-3.71785e-06	3.41537e-05	-1.3128e-05
4.8	9.30583e-06	-3.44218e-06	3.05774e-05	-1.15261e-05
4.75	9.14192e-06	-3.24102e-06	2.90425e-05	-1.04458e-05
4.7	8.95566e-06	-3.53904e-06	2.69489e-05	-1.07214e-05
4.65	9.10467e-06	-3.58374e-06	2.58387e-05	-1.04085e-05
4.6	9.36544e-06	-3.7253e-06	2.338e-05	-9.41759e-06
4.55	9.85718e-06	-3.75511e-06	2.10927e-05	-8.2404e-06
4.5	1.04383e-05	-3.86688e-06	1.91258e-05	-7.14514e-06
4.45	1.04681e-05	-4.28411e-06	1.66075e-05	-6.99612e-06
4.4	1.13026e-05	-4.55233e-06	1.5475e-05	-6.37773e-06
4.35	1.23829e-05	-4.50763e-06	1.50279e-05	-5.58796e-06
4.3	1.33888e-05	-4.88016e-06	1.4186e-05	-5.357e-06
4.25	1.44244e-05	-5.56561e-06	1.28896e-05	-5.06642e-06
4.2	1.622e-05	-6.08715e-06	1.23457e-05	-4.76095e-06
4.15	1.86936e-05	-7.05573e-06	1.17124e-05	-4.56724e-06
4.1	2.26126e-05	-8.1808e-06	1.1474e-05	-4.20216e-06
4.05	2.75524e-05	-1.01105e-05	1.0945e-05	-4.06805e-06
4	3.49584e-05	-1.40221e-05	1.02595e-05	-4.18726e-06
3.95	4.70954e-05	-1.91332e-05	9.81247e-06	-4.03079e-06
3.9	6.0484e-05	-2.6703e-05	9.37289e-06	-4.17235e-06
3.85	7.22487e-05	-3.27679e-05	9.09722e-06	-4.1798e-06
3.8	7.77398e-05	-3.48168e-05	9.28348e-06	-4.18726e-06
3.75	6.14901e-05	-2.8506e-05	9.07487e-06	-4.23941e-06
3.7	4.59331e-05	-2.07202e-05	9.08977e-06	-4.12765e-06
3.65	3.49658e-05	-1.64063e-05	9.23878e-06	-4.41077e-06
3.6	2.71873e-05	-1.3128e-05	9.18662e-06	-4.53743e-06
3.55	2.16739e-05	-1.12355e-05	9.15682e-06	-4.85781e-06
3.5	1.97591e-05	-9.64856e-06	9.91678e-06	-4.93231e-06
3.45	1.91183e-05	-8.8886e-06	1.04607e-05	-4.96212e-06
3.4	1.8254e-05	-7.55492e-06	1.11685e-05	-4.67154e-06
3.35	1.65032e-05	-6.73535e-06	1.12057e-05	-4.69389e-06
3.3	1.45808e-05	-6.0499e-06	1.12355e-05	-4.73115e-06
3.25	1.38209e-05	-5.31229e-06	1.15708e-05	-4.57469e-06
3.2	1.31652e-05	-4.7088e-06	1.15857e-05	-4.26921e-06
3.15	1.24425e-05	-4.84291e-06	1.11089e-05	-4.43312e-06
3.1	1.20178e-05	-4.37352e-06	1.09971e-05	-4.1202e-06
3.05	1.1772e-05	-4.04569e-06	1.10344e-05	-3.85943e-06
3	1.17347e-05	-3.82963e-06	1.10046e-05	-3.6806e-06
2.95	1.17273e-05	-3.55394e-06	1.09301e-05	-3.40493e-06
2.9	1.18614e-05	-3.36023e-06	1.06991e-05	-3.09946e-06
2.85	1.20625e-05	-3.12181e-06	1.02595e-05	-2.77908e-06
2.8	1.20774e-05	-3.30062e-06	9.68581e-06	-2.74928e-06
2.75	1.23457e-05	-3.38258e-06	9.25368e-06	-2.64497e-06
2.7	1.25319e-05	-3.56139e-06	8.71724e-06	-2.57792e-06
2.65	1.2666e-05	-3.97119e-06	8.12119e-06	-2.59282e-06
2.6	1.29939e-05	-4.11275e-06	7.76356e-06	-2.54066e-06
2.55	1.35974e-05	-4.24686e-06	7.54002e-06	-2.40655e-06
2.5	1.44914e-05	-4.29901e-06	7.41336e-06	-2.27244e-06
2.45	1.52514e-05	-4.61194e-06	7.3165e-06	-2.30969e-06
2.4	1.58699e-05	-4.7535e-06	7.17494e-06	-2.20539e-06
2.35	1.6302e-05	-5.4464e-06	6.97377e-06	-2.34695e-06
2.3	1.72184e-05	-5.92324e-06	6.89927e-06	-2.4438e-06
2.25	1.84925e-05	-6.07225e-06	7.02593e-06	-2.3693e-06
2.2	1.97591e-05	-6.45968e-06	7.18984e-06	-2.3693e-06
2.15	2.05265e-05	-7.12278e-06	7.20474e-06	-2.57792e-06
2.1	2.24711e-05	-7.12278e-06	7.53257e-06	-2.414e-06
2.05	2.31789e-05	-7.86042e-06	7.58472e-06	-2.57792e-06
2	2.36334e-05	-8.2404e-06	7.79337e-06	-2.76418e-06
1.95	2.29852e-05	-8.64273e-06	7.83062e-06	-2.94299e-06
1.9	2.22177e-05	-8.38941e-06	7.87532e-06	-2.99515e-06
1.85	2.02731e-05	-7.93493e-06	7.78591e-06	-3.09946e-06
1.8	1.89618e-05	-6.89182e-06	7.73376e-06	-2.90574e-06
1.75	1.66522e-05	-6.0052e-06	7.49531e-06	-2.76418e-06
1.7	1.43946e-05	-4.70135e-06	7.24944e-06	-2.4438e-06
1.65	1.18316e-05	-4.0904e-06	6.6683e-06	-2.3991e-06
1.6	1.00434e-05	-3.6806e-06	6.13186e-06	-2.3395e-06
1.55	8.74704e-06	-3.26337e-06	5.68482e-06	-2.19794e-06
1.5	8.09884e-06	-2.84614e-06	5.4166e-06	-1.96697e-06
1.45	7.6369e-06	-2.57792e-06	5.26014e-06	-1.8552e-06
1.4	7.07808e-06	-2.3991e-06	4.98447e-06	-1.76579e-06
1.35	6.64595e-06	-2.3246e-06	4.67899e-06	-1.72109e-06
1.3	6.21381e-06	-2.3246e-06	4.44803e-06	-1.69129e-06
1.25	5.98285e-06	-2.27989e-06	4.30646e-06	-1.72854e-06
1.2	5.81148e-06	-2.28734e-06	4.26921e-06	-1.71364e-06
1.15	5.90834e-06	-2.19049e-06	4.30646e-06	-1.65404e-06
1.1	6.13931e-06	-2.09363e-06	4.49273e-06	-1.58698e-06
1.05	6.07225e-06	-2.24264e-06	4.52998e-06	-1.77325e-06
1	6.29577e-06	-2.09363e-06	4.74605e-06	-1.69129e-06
0.949999999999999	6.45968e-06	-2.22029e-06	4.94721e-06	-1.72854e-06
0.899999999999999	6.75771e-06	-2.22029e-06	5.23034e-06	-1.8552e-06
0.85	7.04828e-06	-2.28734e-06	5.57306e-06	-1.86265e-06
0.8	7.13769e-06	-2.46616e-06	5.69972e-06	-2.06383e-06
0.75	7.58472e-06	-2.65242e-06	6.16166e-06	-2.22774e-06
0.699999999999999	8.09139e-06	-2.79398e-06	6.69065e-06	-2.3842e-06
0.649999999999999	8.55332e-06	-2.93554e-06	7.23454e-06	-2.57792e-06
0.6	8.79174e-06	-3.18141e-06	7.72631e-06	-2.92809e-06
0.55	9.35054e-06	-3.44963e-06	8.55332e-06	-3.29317e-06
0.5	1.03564e-05	-3.50179e-06	9.70816e-06	-3.41238e-06
0.449999999999999	1.15857e-05	-3.68805e-06	1.09673e-05	-3.62845e-06
0.399999999999999	1.26735e-05	-4.00099e-06	1.21445e-05	-3.96374e-06
0.35	1.37091e-05	-4.89506e-06	1.31876e-05	-4.82801e-06
0.3	1.5229e-05	-5.97539e-06	1.38358e-05	-5.60287e-06
0.25	1.87607e-05	-7.22709e-06	1.51024e-05	-5.96049e-06
0.199999999999999	2.44678e-05	-8.9333e-06	1.66522e-05	-6.23617e-06
0.149999999999999	3.36843e-05	-1.21967e-05	1.84552e-05	-6.81731e-06
0.0999999999999996	4.39214e-05	-1.5922e-05	1.96398e-05	-7.21219e-06
0.0499999999999998	4.19992e-05	-1.46777e-05	2.01688e-05	-7.14514e-06
0	3.43102e-05	-1.1839e-05	1.77996e-05	-6.23617e-06
-0.0500000000000007	2.77237e-05	-8.55332e-06	1.5393e-05	-4.88016e-06
-0.0999999999999996	2.27318e-05	-6.52674e-06	1.38805e-05	-4.11275e-06
-0.15	1.93642e-05	-5.28249e-06	1.23531e-05	-3.50924e-06
-0.200000000000001	1.65032e-05	-4.41822e-06	1.11312e-05	-3.08455e-06
-0.25	1.42158e-05	-4.47038e-06	9.68581e-06	-3.12181e-06
-0.300000000000001	1.28672e-05	-3.97864e-06	8.8141e-06	-2.83124e-06
-0.35	1.18092e-05	-3.36768e-06	8.15099e-06	-2.37675e-06
-0.4	1.0945e-05	-2.98025e-06	7.51766e-06	-2.11598e-06
-0.450000000000001	1.01701e-05	-2.68222e-06	6.94397e-06	-1.885e-06
-0.5	9.46975e-06	-2.414e-06	6.46713e-06	-1.71364e-06
-0.550000000000001	9.04506e-06	-1.95207e-06	6.02755e-06	-1.34856e-06
-0.6	8.45647e-06	-1.95207e-06	5.50601e-06	-1.33366e-06
-0.65	7.93493e-06	-2.01912e-06	5.02917e-06	-1.33366e-06
-0.700000000000001	7.44316e-06	-1.98932e-06	4.64919e-06	-1.26661e-06
-0.75	7.16749e-06	-1.95207e-06	4.34372e-06	-1.207e-06
-0.800000000000001	6.98867e-06	-1.72109e-06	4.1798e-06	-1.09524e-06
-0.85	6.6832e-06	-1.69129e-06	3.97119e-06	-1.04309e-06
-0.9	6.45223e-06	-1.66149e-06	3.78491e-06	-1.02074e-06
-0.950000000000001	6.29577e-06	-1.54973e-06	3.67315e-06	-9.53682e-07
-1	6.15421e-06	-1.36346e-06	3.58374e-06	-8.4937e-07
-1.05	6.0052e-06	-1.38582e-06	3.45708e-06	-8.5682e-07
-1.1	5.77423e-06	-1.51993e-06	3.30062e-06	-9.16425e-07
-1.15	5.45385e-06	-1.60188e-06	3.21121e-06	-9.53682e-07
-1.2	5.30484e-06	-1.60933e-06	3.12926e-06	-1.02074e-06
-1.25	5.17818e-06	-1.57208e-06	3.0771e-06	-9.31326e-07
-1.3	5.14093e-06	-1.42307e-06	3.10691e-06	-8.94073e-07
-1.35	5.14093e-06	-1.34111e-06	3.09946e-06	-8.4937e-07
-1.4	5.12603e-06	-1.2517e-06	3.12181e-06	-8.19568e-07
-1.45	5.06642e-06	-1.2517e-06	3.09946e-06	-7.97216e-07
-1.5	5.00682e-06	-1.31131e-06	3.0622e-06	-8.41919e-07
-1.55	4.93976e-06	-1.28151e-06	3.03985e-06	-8.34469e-07
-1.6	4.93231e-06	-1.42307e-06	3.08455e-06	-9.08974e-07
-1.65	5.02917e-06	-1.28896e-06	3.11436e-06	-8.4937e-07
-1.7	4.93976e-06	-1.33366e-06	3.13671e-06	-8.71722e-07
-1.75	4.96212e-06	-1.32621e-06	3.19631e-06	-9.23876e-07
-1.8	5.09623e-06	-1.31876e-06	3.27827e-06	-8.64271e-07
-1.85	5.10368e-06	-1.38582e-06	3.31552e-06	-9.76033e-07
-1.9	5.08878e-06	-1.37091e-06	3.40493e-06	-9.46227e-07
-1.95	5.21544e-06	-1.33366e-06	3.48689e-06	-9.23876e-07
-2	5.23034e-06	-1.46777e-06	3.54649e-06	-1.02074e-06
-2.05	5.37935e-06	-1.49757e-06	3.6061e-06	-1.05054e-06
-2.1	5.69972e-06	-1.46032e-06	3.74021e-06	-1.01329e-06
-2.15	5.95304e-06	-1.52738e-06	3.81473e-06	-9.61132e-07
-2.2	6.13931e-06	-1.61678e-06	3.82963e-06	-1.08034e-06
-2.25	6.28832e-06	-1.7956e-06	3.82218e-06	-1.1474e-06
-2.3	6.57144e-06	-1.90736e-06	3.83708e-06	-1.207e-06
-2.35	6.84711e-06	-2.02657e-06	3.83708e-06	-1.16975e-06
-2.4	7.24199e-06	-2.05637e-06	3.94139e-06	-1.1772e-06
-2.45	7.64435e-06	-2.13833e-06	4.00844e-06	-1.1623e-06
-2.5	7.85297e-06	-2.24264e-06	4.00844e-06	-1.19955e-06
-2.55	8.09139e-06	-2.34695e-06	4.06805e-06	-1.25916e-06
-2.6	8.41176e-06	-2.48851e-06	4.1649e-06	-1.27406e-06
-2.65	8.73959e-06	-2.30969e-06	4.26176e-06	-1.1772e-06
-2.7	9.00781e-06	-2.37675e-06	4.38097e-06	-1.19955e-06
-2.75	9.17172e-06	-2.28734e-06	4.50018e-06	-1.16975e-06
-2.8	9.41014e-06	-2.13833e-06	4.64919e-06	-1.08034e-06
-2.85	9.48465e-06	-2.16813e-06	4.80565e-06	-1.1474e-06
-2.9	9.67091e-06	-2.04147e-06	4.96957e-06	-1.05799e-06
-2.95	9.75287e-06	-2.02657e-06	5.14093e-06	-1.1474e-06
-3	9.83482e-06	-1.96697e-06	5.34955e-06	-1.15485e-06
-3.05	9.91678e-06	-2.05637e-06	5.60287e-06	-1.21445e-06
-3.1	1.00136e-05	-2.19049e-06	5.90089e-06	-1.33366e-06
-3.15	1.01254e-05	-2.3246e-06	6.16911e-06	-1.40817e-06
-3.2	1.02372e-05	-2.37675e-06	6.44478e-06	-1.54228e-06
-3.25	1.0565e-05	-2.48851e-06	6.713e-06	-1.64659e-06
-3.3	1.08183e-05	-2.63007e-06	6.97377e-06	-1.77325e-06
-3.35	1.11908e-05	-2.74183e-06	7.18984e-06	-1.80305e-06
-3.4	1.17124e-05	-2.82378e-06	7.3612e-06	-1.81795e-06
-3.45	1.21743e-05	-2.98025e-06	7.36865e-06	-1.7807e-06
-3.5	1.26586e-05	-2.92064e-06	7.54002e-06	-1.8254e-06
-3.55	1.31354e-05	-3.0473e-06	7.56237e-06	-1.7956e-06
-3.6	1.37687e-05	-2.98025e-06	7.64435e-06	-1.72109e-06
-3.65	1.45585e-05	-2.93554e-06	7.74121e-06	-1.63168e-06
-3.7	1.53856e-05	-2.91319e-06	7.80082e-06	-1.50502e-06
-3.75	1.65404e-05	-2.99515e-06	7.83807e-06	-1.46032e-06
-3.8	1.77772e-05	-3.33042e-06	7.80827e-06	-1.51248e-06
-3.85	1.91779e-05	-3.74021e-06	7.82317e-06	-1.57208e-06
-3.9	2.09511e-05	-4.24686e-06	7.86787e-06	-1.59443e-06
-3.95	2.26052e-05	-4.63429e-06	7.96473e-06	-1.66894e-06
-4	2.43561e-05	-4.49273e-06	8.1808e-06	-1.55718e-06
-4.05	2.5727e-05	-4.90996e-06	8.26275e-06	-1.59443e-06
-4.1	2.6256e-05	-4.94721e-06	8.40431e-06	-1.63914e-06
-4.15	2.57568e-05	-4.69389e-06	8.48627e-06	-1.55718e-06
-4.2	2.43784e-05	-4.40332e-06	8.62783e-06	-1.60188e-06
-4.25	2.27616e-05	-4.1053e-06	8.73959e-06	-1.61678e-06
-4.3	2.10853e-05	-3.61355e-06	8.9184e-06	-1.50502e-06
-4.35	1.93418e-05	-3.24102e-06	9.10467e-06	-1.56463e-06
-4.4	1.77325e-05	-2.86849e-06	9.40269e-06	-1.57208e-06
-4.45	1.65777e-05	-2.66732e-06	9.67091e-06	-1.63168e-06
-4.5	1.57953e-05	-2.60027e-06	1.00434e-05	-1.68384e-06
-4.55	1.52216e-05	-2.68222e-06	1.04979e-05	-1.95207e-06
-4.6	1.46926e-05	-2.86849e-06	1.10567e-05	-2.19049e-06
-4.65	1.44244e-05	-2.96535e-06	1.16602e-05	-2.45871e-06
-4.7	1.44691e-05	-3.0026e-06	1.25021e-05	-2.69712e-06
-4.75	1.46255e-05	-3.0771e-06	1.34856e-05	-2.87594e-06
-4.8	1.48342e-05	-3.0324e-06	1.46926e-05	-3.11436e-06
-4.85	1.49012e-05	-3.18886e-06	1.622e-05	-3.53159e-06
-4.9	1.52439e-05	-3.34533e-06	1.80156e-05	-4.01589e-06
-4.95	1.60785e-05	-3.51669e-06	2.12715e-05	-4.68644e-06
-5	1.72259e-05	-3.88178e-06	2.45945e-05	-5.61032e-06
-5.05	1.86564e-05	-4.23196e-06	2.78578e-05	-6.38518e-06
-5.1	2.06233e-05	-4.74605e-06	3.36769e-05	-7.78591e-06
-5.15	2.27318e-05	-5.14093e-06	4.08071e-05	-9.30583e-06
-5.2	2.45051e-05	-5.12603e-06	5.57008e-05	-1.16453e-05
-5.25	2.57344e-05	-5.37935e-06	6.79423e-05	-1.41487e-05
-5.3	2.70383e-05	-6.23617e-06	0.000118509	-2.72394e-05
-5.35	2.70308e-05	-6.92907e-06	0.000165717	-4.2245e-05
-5.4	2.81112e-05	-7.91257e-06	0.000218437	-6.17211e-05
-5.45	2.72841e-05	-9.04506e-06	0.000218437	-8.59876e-05
-5.5	2.54886e-05	-9.95403e-06	0.000218437	-0.000121102
-5.55	2.60101e-05	-1.14516e-05	0.000218437	-0.000155375
-5.6	2.73735e-05	-1.25692e-05	0.000218437	-0.00015989
-5.65	2.89903e-05	-1.53558e-05	0.000218437	-0.000218445
-5.7	3.35129e-05	-1.57432e-05	0.000218437	-0.000173197
-5.75	3.88029e-05	-1.57804e-05	0.000218437	-0.000112191
-5.8	3.9764e-05	-2.36036e-05	0.000218437	-0.000218445
-5.85	4.72593e-05	-2.14652e-05	0.000218437	-0.000143685
-5.9	4.55829e-05	-3.0719e-05	0.000218437	-0.000218445
-5.95	4.97478e-05	-2.98769e-05	0.000218437	-0.000218445
-6	5.2348e-05	-2.57791e-05	0.000218437	-0.000114389
-6.05	5.02395e-05	-2.67924e-05	0.000218437	-0.000112795
-6.1	5.13273e-05	-3.83111e-05	0.000218437	-0.000132882
-6.15	4.71922e-05	-5.23182e-05	0.000218437	-0.000218445
-6.2	3.86091e-05	-4.91964e-05	0.000218437	-0.000134864
-6.25	3.50999e-05	-5.03662e-05	0.000218437	-0.00020823
-6.3	-9.25368e-06	-6.20265e-05	0.000218437	-0.000218445
-6.35	-1.44467e-05	-5.17743e-05	0.000218437	-0.000218445
-6.4	8.2702e-06	-4.1418e-05	0.000218437	-0.000218445
-6.45	2.76939e-05	-6.13336e-05	0.000218437	-0.000218445
-6.5	4.22376e-05	-6.31367e-05	0.000218437	-9.17916e-05
-6.55	7.51768e-05	-8.21878e-05	0.000218437	-0.000202679
-6.6	5.14093e-06	-0.000134514	0.000218437	-0.000138775
-6.65	1.22414e-05	-0.000115403	0.000218437	-3.71861e-05
-6.7	9.9801e-05	-0.000167334	0.000218437	-5.20649e-05
-6.75	0.000209511	-0.000218445	0.000218437	-6.00966e-05
-6.8	0.000155495	-0.000218445	0.000218437	1.09524e-06
-6.85	0.000218437	-0.000218445	0.00011459	-1.28821e-05
-6.9	0.000218437	-0.000218445	1.42307e-05	-2.66732e-06
-6.95	0.000218437	-0.000218445	1.08481e-05	-6.17656e-06
-7	0.000218437	-0.000218445	8.85135e-06	-5.57306e-06
