# srdc_volt_set	lockin1_X	lockin1_Y	lockin2_X	lockin2_Y
# "volt"	"X"	"Y"	"X"	"Y"
# 141
7	2.07425e-05	-1.51993e-06	1.95504e-05	-1.28151e-06
6.9	2.07425e-05	-1.46032e-06	1.98485e-05	-1.2219e-06
6.8	2.07723e-05	-1.46032e-06	1.99677e-05	-1.28151e-06
6.7	2.14876e-05	-1.60933e-06	2.01763e-05	-1.31131e-06
6.6	2.1875e-05	-1.57953e-06	2.01763e-05	-1.31131e-06
6.5	2.2173e-05	-1.57953e-06	1.98485e-05	-1.34111e-06
6.4	2.22923e-05	-1.60933e-06	1.9461e-05	-1.28151e-06
6.3	2.21432e-05	-1.51993e-06	1.89544e-05	-1.1921e-06
6.2	2.22028e-05	-1.63914e-06	1.82093e-05	-1.1623e-06
6.1	2.27095e-05	-1.57953e-06	1.75239e-05	-1.10269e-06
6	2.3544e-05	-1.63914e-06	1.67788e-05	-1.04309e-06
5.9	2.46466e-05	-1.78815e-06	1.6153e-05	-9.83484e-07
5.8	2.43784e-05	-1.46032e-06	1.53185e-05	-8.94073e-07
5.7	2.49447e-05	-1.46032e-06	1.45138e-05	-8.04666e-07
5.6	2.4438e-05	-1.75834e-06	1.38283e-05	-7.74864e-07
5.5	2.55109e-05	-1.78815e-06	1.32621e-05	-6.85457e-07
5.4	2.47956e-05	-5.06643e-07	1.28151e-05	-6.85457e-07
5.3	2.43784e-05	-1.78815e-06	1.24574e-05	-6.25852e-07
5.2	2.51831e-05	-1.81795e-06	1.21594e-05	-5.9605e-07
5.1	2.66732e-05	-2.05637e-06	1.18316e-05	-5.66248e-07
5	2.85209e-05	-2.17558e-06	1.14143e-05	-5.66248e-07
4.9	2.92064e-05	-2.08618e-06	1.11461e-05	-5.66248e-07
4.8	2.9564e-05	-2.14578e-06	1.09375e-05	-4.47037e-07
4.7	2.95342e-05	-2.29479e-06	1.09077e-05	-4.47037e-07
4.6	2.98024e-05	-2.53321e-06	1.08779e-05	-3.27827e-07
4.5	3.00707e-05	-2.3246e-06	1.09077e-05	-2.98025e-07
4.4	3.22761e-05	-2.29479e-06	1.09077e-05	-2.98025e-07
4.3	3.28424e-05	-2.4438e-06	1.10269e-05	-2.98025e-07
4.2	3.31106e-05	-2.71203e-06	1.10865e-05	-3.87432e-07
4.1	3.11735e-05	-2.4438e-06	1.12653e-05	-3.5763e-07
4	3.14119e-05	-2.14578e-06	1.12653e-05	-3.27827e-07
3.9	2.92064e-05	-2.50341e-06	1.13547e-05	-4.17234e-07
3.8	2.53917e-05	-2.08618e-06	1.1623e-05	-5.06643e-07
3.7	2.56599e-05	-1.99677e-06	1.18912e-05	-5.9605e-07
3.6	2.59281e-05	-2.11598e-06	1.23084e-05	-4.76841e-07
3.5	2.62858e-05	-2.17558e-06	1.28449e-05	-4.76841e-07
3.4	2.72096e-05	-2.20539e-06	1.34111e-05	-6.25852e-07
3.3	2.70308e-05	-2.08618e-06	1.38283e-05	-6.55655e-07
3.2	2.98918e-05	-2.3544e-06	1.45138e-05	-6.55655e-07
3.1	2.94448e-05	-2.3842e-06	1.49608e-05	-7.15259e-07
3	2.98024e-05	-2.68222e-06	1.55271e-05	-7.74864e-07
2.9	3.02793e-05	-2.47361e-06	1.59444e-05	-7.74864e-07
2.8	3.20079e-05	-2.3842e-06	1.59742e-05	-6.85457e-07
2.7	3.21271e-05	-1.90736e-06	1.57357e-05	-8.04666e-07
2.6	3.01303e-05	-2.59282e-06	1.54675e-05	-8.04666e-07
2.5	3.0935e-05	-2.56301e-06	1.54377e-05	-7.74864e-07
2.4	3.36769e-05	-2.65242e-06	1.53781e-05	-6.25852e-07
2.3	3.13225e-05	-2.50341e-06	1.48714e-05	-6.25852e-07
2.2	2.98024e-05	-2.62262e-06	1.43648e-05	-5.06643e-07
2.1	3.01303e-05	-2.62262e-06	1.33515e-05	-5.36445e-07
2	3.07264e-05	-2.77163e-06	1.25766e-05	-5.9605e-07
1.9	3.16503e-05	-2.86104e-06	1.19508e-05	-5.06643e-07
1.8	3.25146e-05	-2.89084e-06	1.15038e-05	-4.47037e-07
1.7	3.38557e-05	-2.92064e-06	1.11461e-05	-4.47037e-07
1.6	3.54948e-05	-3.03985e-06	1.11163e-05	-4.76841e-07
1.5	3.77598e-05	-3.21867e-06	1.12057e-05	-4.76841e-07
1.4	3.92201e-05	-3.42728e-06	1.16528e-05	-4.76841e-07
1.3	4.16937e-05	-3.6657e-06	1.21296e-05	-4.47037e-07
1.2	4.16937e-05	-3.6359e-06	1.27555e-05	-4.17234e-07
1.1	4.15745e-05	-3.6061e-06	1.35899e-05	-3.87432e-07
1	4.21109e-05	-3.6359e-06	1.45436e-05	-3.27827e-07
0.899999999999999	4.47931e-05	-3.96374e-06	1.59444e-05	-2.3842e-07
0.8	4.84588e-05	-4.29156e-06	1.74047e-05	-4.47037e-07
0.699999999999999	4.72071e-05	-4.02334e-06	1.961e-05	-6.85457e-07
0.6	4.74753e-05	-3.96374e-06	2.24711e-05	-1.01329e-06
0.5	4.96211e-05	-4.29156e-06	2.6703e-05	-1.34111e-06
0.399999999999999	5.26609e-05	-4.55978e-06	3.23358e-05	-1.60933e-06
0.3	5.68929e-05	-5.66247e-06	3.97267e-05	-2.29479e-06
0.199999999999999	6.0946e-05	-6.61614e-06	4.87866e-05	-2.92064e-06
0.0999999999999996	6.39861e-05	-7.3016e-06	5.20351e-05	-3.27827e-06
0	6.17211e-05	-6.70555e-06	4.39289e-05	-2.3842e-06
-0.100000000000001	5.43895e-05	-5.15583e-06	3.39451e-05	-1.66894e-06
-0.2	4.71773e-05	-4.35117e-06	2.6256e-05	-1.46032e-06
-0.300000000000001	4.10678e-05	-3.6657e-06	2.19048e-05	-1.10269e-06
-0.4	3.63889e-05	-3.15906e-06	1.91332e-05	-9.83484e-07
-0.5	3.32596e-05	-2.77163e-06	1.73749e-05	-9.53682e-07
-0.600000000000001	3.29914e-05	-2.71203e-06	1.58848e-05	-8.94073e-07
-0.7	3.2604e-05	-2.71203e-06	1.45138e-05	-7.74864e-07
-0.800000000000001	3.0637e-05	-2.53321e-06	1.35303e-05	-8.04666e-07
-0.9	3.05178e-05	-2.50341e-06	1.29045e-05	-6.55655e-07
-1	2.85507e-05	-2.4438e-06	1.25766e-05	-5.06643e-07
-1.1	2.73586e-05	-2.20539e-06	1.23382e-05	-4.76841e-07
-1.2	2.66434e-05	-2.17558e-06	1.20104e-05	-3.87432e-07
-1.3	2.62858e-05	-2.08618e-06	1.20104e-05	-4.76841e-07
-1.4	2.58983e-05	-2.14578e-06	1.23382e-05	-5.06643e-07
-1.5	2.57791e-05	-2.14578e-06	1.2517e-05	-5.9605e-07
-1.6	2.48851e-05	-2.23519e-06	1.2666e-05	-4.76841e-07
-1.7	2.55109e-05	-2.08618e-06	1.28151e-05	-5.36445e-07
-1.8	2.4736e-05	-2.11598e-06	1.30237e-05	-5.9605e-07
-1.9	2.56897e-05	-2.17558e-06	1.33515e-05	-6.55655e-07
-2	2.43188e-05	-1.99677e-06	1.35303e-05	-7.74864e-07
-2.1	2.32459e-05	-2.14578e-06	1.35005e-05	-8.04666e-07
-2.2	2.11896e-05	-1.87755e-06	1.35899e-05	-7.74864e-07
-2.3	2.07127e-05	-1.69874e-06	1.39475e-05	-8.04666e-07
-2.4	2.15174e-05	-1.87755e-06	1.38283e-05	-7.74864e-07
-2.5	2.08915e-05	-1.63914e-06	1.35899e-05	-8.04666e-07
-2.6	2.11002e-05	-1.57953e-06	1.35899e-05	-9.23876e-07
-2.7	1.8567e-05	-1.51993e-06	1.34111e-05	-8.34469e-07
-2.8	1.88352e-05	-1.46032e-06	1.31131e-05	-8.34469e-07
-2.9	1.81795e-05	-1.72854e-06	1.28747e-05	-8.34469e-07
-3	1.95206e-05	-1.84775e-06	1.25766e-05	-7.74864e-07
-3.1	2.03551e-05	-1.54973e-06	1.21892e-05	-6.85457e-07
-3.2	1.98783e-05	-1.57953e-06	1.18912e-05	-6.55655e-07
-3.3	1.8567e-05	-1.49012e-06	1.1623e-05	-6.85457e-07
-3.4	1.95504e-05	-1.60933e-06	1.13249e-05	-6.25852e-07
-3.5	1.95504e-05	-1.51993e-06	1.12951e-05	-6.85457e-07
-3.6	1.97293e-05	-1.51993e-06	1.10567e-05	-7.45062e-07
-3.7	1.90736e-05	-1.49012e-06	1.08481e-05	-6.25852e-07
-3.8	1.94014e-05	-1.57953e-06	1.08481e-05	-6.55655e-07
-3.9	2.03551e-05	-1.60933e-06	1.08183e-05	-7.45062e-07
-4	2.04147e-05	-1.81795e-06	1.08779e-05	-5.06643e-07
-4.1	2.07425e-05	-1.72854e-06	1.10269e-05	-3.27827e-07
-4.2	1.97889e-05	-1.66894e-06	1.09971e-05	-6.25852e-07
-4.3	1.8716e-05	-1.34111e-06	1.07885e-05	-7.74864e-07
-4.4	1.83583e-05	-1.51993e-06	1.13845e-05	-7.15259e-07
-4.5	1.75835e-05	-1.46032e-06	1.15038e-05	-6.85457e-07
-4.6	1.68086e-05	-1.40072e-06	1.16826e-05	-8.34469e-07
-4.7	1.61828e-05	-1.31131e-06	1.1772e-05	-6.85457e-07
-4.8	1.78815e-05	-1.2517e-06	1.21594e-05	-3.27827e-07
-4.9	1.76729e-05	-1.40072e-06	1.23978e-05	-6.25852e-07
-5	1.70172e-05	-1.37091e-06	1.28449e-05	-4.47037e-07
-5.1	2.05339e-05	-1.60933e-06	1.32919e-05	-7.15259e-07
-5.2	1.79113e-05	-1.72854e-06	1.39475e-05	-8.34469e-07
-5.3	1.62126e-05	-1.2517e-06	1.47224e-05	-8.34469e-07
-5.4	1.54377e-05	-1.1921e-06	1.53781e-05	-1.04309e-06
-5.5	1.49906e-05	-1.1921e-06	1.6153e-05	-1.04309e-06
-5.6	1.54973e-05	-1.1623e-06	1.69874e-05	-9.83484e-07
-5.7	1.69576e-05	-1.34111e-06	1.78517e-05	-1.07289e-06
-5.8	1.49906e-05	-9.23876e-07	1.91034e-05	-1.1623e-06
-5.9	1.74047e-05	-1.1325e-06	2.04445e-05	-1.2517e-06
-6	1.59742e-05	-9.83484e-07	2.11896e-05	-1.34111e-06
-6.1	1.40668e-05	-1.04309e-06	2.2173e-05	-1.46032e-06
-6.2	1.51396e-05	-1.1325e-06	2.33055e-05	-1.51993e-06
-6.3	1.35899e-05	-1.07289e-06	2.40506e-05	-1.57953e-06
-6.4	1.38879e-05	-1.07289e-06	2.4736e-05	-1.60933e-06
-6.5	1.43052e-05	-1.10269e-06	2.55407e-05	-1.66894e-06
-6.6	1.51396e-05	-1.28151e-06	2.58685e-05	-1.63914e-06
-6.7	1.53781e-05	-1.2219e-06	2.51533e-05	-1.49012e-06
-6.8	1.4335e-05	-1.10269e-06	2.45274e-05	-1.51993e-06
-6.9	1.37687e-05	-1.10269e-06	2.3991e-05	-1.51993e-06
-7	1.40966e-05	-1.1623e-06	2.33055e-05	-1.57953e-06
