# srdc_volt_set	lockin2_X	lockin2_Y
# "volt"	"X"	"Y"
# 361
-9	1.27555e-05	8.64273e-06
-8.95	1.22786e-05	1.01925e-05
-8.9	1.1623e-05	9.95403e-06
-8.85	1.59146e-05	1.2219e-05
-8.8	1.37091e-05	8.16589e-06
-8.75	1.68682e-05	1.07289e-05
-8.7	1.68682e-05	1.31727e-05
-8.65	2.16962e-05	1.20998e-05
-8.6	2.40804e-05	1.09077e-05
-8.55	2.12194e-05	1.18614e-05
-8.5	2.34247e-05	1.15634e-05
-8.45	2.56301e-05	1.10865e-05
-8.4	2.58089e-05	1.13845e-05
-8.35	2.31267e-05	1.35899e-05
-8.3	1.54377e-05	1.25766e-05
-8.25	2.71798e-05	1.6749e-05
-8.2	2.66434e-05	1.1921e-05
-8.15	1.9312e-05	1.24574e-05
-8.1	2.16962e-05	1.31727e-05
-8.05	1.95504e-05	1.07885e-05
-8	2.63454e-05	6.55654e-06
-7.95	2.29479e-05	1.12653e-05
-7.9	2.11598e-05	1.28747e-05
-7.85	3.13523e-05	1.11461e-05
-7.8	2.36036e-05	5.84128e-06
-7.75	3.01601e-05	8.76194e-06
-7.7	2.80143e-05	1.20402e-05
-7.65	3.25444e-05	1.01328e-05
-7.6	3.36173e-05	5.60287e-06
-7.55	4.22003e-05	7.80827e-06
-7.5	8.78577e-05	8.76194e-06
-7.45	0.000225306	1.91928e-05
-7.4	0.000281395	-2.12194e-05
-7.35	0.000343503	-2.25307e-05
-7.3	0.000369908	-3.2902e-05
-7.25	0.000302019	-3.03985e-06
-7.2	0.000349762	-8.94075e-06
-7.15	0.000415387	-3.85644e-05
-7.1	0.000367286	-2.97428e-05
-7.05	0.000422062	-3.88029e-05
-7	0.000405254	-3.89817e-05
-6.95	0.000354769	-9.59641e-06
-6.9	0.000341656	-2.3246e-06
-6.85	0.000306608	7.15259e-06
-6.8	0.00033039	8.82155e-06
-6.75	0.000364782	8.2851e-06
-6.7	0.000372769	2.92064e-06
-6.65	0.000409307	-3.51669e-06
-6.6	0.000353815	6.61614e-06
-6.55	0.000304105	1.73451e-05
-6.5	0.000281574	1.08481e-05
-6.45	0.000290753	-2.14578e-06
-6.4	0.000270607	-6.31812e-06
-6.35	0.000281276	-1.96696e-05
-6.3	0.000254037	-1.2517e-05
-6.25	0.000229598	-5.54326e-06
-6.2	0.000197888	2.62262e-06
-6.15	0.000176848	1.03713e-05
-6.1	0.000151456	9.89443e-06
-6.05	0.000134886	9.41759e-06
-6	0.000145555	9.95403e-06
-5.95	0.000143052	8.52352e-06
-5.9	0.000131072	8.16589e-06
-5.85	0.000129224	7.09298e-06
-5.8	0.000140072	8.94075e-06
-5.75	0.000138522	8.16589e-06
-5.7	0.000144661	7.09298e-06
-5.65	0.000134886	1.00732e-05
-5.6	0.000135005	6.31812e-06
-5.55	0.000130774	4.7684e-06
-5.5	0.000133813	3.99354e-06
-5.45	0.000123561	5.72208e-06
-5.4	0.000112415	1.14442e-05
-5.35	0.000101924	1.08481e-05
-5.3	8.63676e-05	1.34707e-05
-5.25	8.31489e-05	1.39475e-05
-5.2	6.59232e-05	1.30535e-05
-5.15	6.34794e-05	1.53185e-05
-5.1	6.38966e-05	1.45436e-05
-5.05	7.19433e-05	1.07885e-05
-5	6.83074e-05	1.18018e-05
-4.95	7.14664e-05	9.59641e-06
-4.9	6.59828e-05	1.1623e-05
-4.85	5.51941e-05	1.74047e-05
-4.8	6.00817e-05	1.23382e-05
-4.75	5.88896e-05	1.43052e-05
-4.7	5.78763e-05	1.54377e-05
-4.65	5.19159e-05	1.56761e-05
-4.6	5.12006e-05	1.4484e-05
-4.55	5.75187e-05	1.63318e-05
-4.5	5.87704e-05	1.48416e-05
-4.45	6.46715e-05	8.94075e-06
-4.4	5.63266e-05	1.34111e-05
-4.35	5.94261e-05	1.24574e-05
-4.3	6.41351e-05	8.94075e-06
-4.25	6.23469e-05	1.14442e-05
-4.2	6.17509e-05	1.59146e-05
-4.15	6.43139e-05	1.40071e-05
-4.1	6.23469e-05	3.75511e-06
-4.05	6.06778e-05	7.98708e-06
-4	6.44927e-05	1.18018e-05
-3.95	6.25257e-05	-4.64919e-06
-3.9	6.5804e-05	-3.93394e-06
-3.85	7.52811e-05	1.31131e-06
-3.8	7.71289e-05	2.92064e-06
-3.75	7.3493e-05	8.64273e-06
-3.7	7.53407e-05	8.58313e-06
-3.65	7.02147e-05	1.51992e-05
-3.6	6.97379e-05	1.65702e-05
-3.55	7.77249e-05	1.23382e-05
-3.5	8.46391e-05	4.29156e-06
-3.45	8.45795e-05	8.2255e-06
-3.4	9.01823e-05	2.08618e-06
-3.35	9.28049e-05	1.49012e-06
-3.3	9.56063e-05	5.96051e-08
-3.25	9.43546e-05	-7.74864e-07
-3.2	8.97055e-05	-1.1325e-06
-3.15	8.57119e-05	-1.01329e-06
-3.1	8.20165e-05	-1.1325e-06
-3.05	7.95727e-05	-1.1921e-06
-3	7.58772e-05	3.21867e-06
-2.95	7.59964e-05	2.92064e-06
-2.9	7.27777e-05	6.31812e-06
-2.85	6.92611e-05	7.98708e-06
-2.8	6.09758e-05	1.30535e-05
-2.75	6.46119e-05	1.01328e-05
-2.7	6.24661e-05	1.1921e-05
-2.65	4.83396e-05	1.74643e-05
-2.6	3.67167e-05	1.961e-05
-2.55	4.21407e-05	1.99081e-05
-2.5	4.92933e-05	1.92524e-05
-2.45	3.74916e-05	1.94908e-05
-2.4	5.85916e-05	1.51396e-05
-2.35	6.5506e-05	1.19806e-05
-2.3	6.92015e-05	9.89443e-06
-2.25	7.18241e-05	7.45061e-06
-2.2	6.27046e-05	1.34111e-05
-2.15	6.24065e-05	1.69278e-05
-2.1	6.59232e-05	1.40071e-05
-2.05	6.65192e-05	1.38879e-05
-2	7.3493e-05	4.94721e-06
-1.95	7.49235e-05	2.74183e-06
-1.9	7.08108e-05	9.11957e-06
-1.85	5.07834e-05	1.93716e-05
-1.8	6.2943e-05	1.40668e-05
-1.75	5.67439e-05	1.81199e-05
-1.7	5.96645e-05	1.63914e-05
-1.65	6.11548e-05	1.24574e-05
-1.6	6.77113e-05	7.74866e-06
-1.55	6.59828e-05	9.95403e-06
-1.5	6.50291e-05	8.58313e-06
-1.45	5.92472e-05	1.38879e-05
-1.4	6.62212e-05	6.61614e-06
-1.35	6.34198e-05	9.29838e-06
-1.3	6.18105e-05	1.2517e-05
-1.25	6.88438e-05	1.23978e-05
-1.2	4.6015e-05	1.69874e-05
-1.15	5.92472e-05	1.29343e-05
-1.1	6.40159e-05	9.29838e-06
-1.05	6.66981e-05	7.15259e-06
-1	7.22413e-05	-1.43052e-06
-0.949999999999999	7.28373e-05	-1.1921e-06
-0.9	7.26585e-05	8.34469e-07
-0.85	7.44467e-05	-4.76841e-07
-0.799999999999999	7.43871e-05	-2.08618e-06
-0.75	7.43275e-05	-1.78815e-06
-0.699999999999999	7.3791e-05	2.3246e-06
-0.65	7.65328e-05	-1.78815e-07
-0.6	7.72481e-05	-1.31131e-06
-0.549999999999999	7.64732e-05	2.26499e-06
-0.5	7.75461e-05	1.54973e-06
-0.449999999999999	7.8321e-05	1.43052e-06
-0.4	8.00495e-05	2.3842e-06
-0.35	8.12416e-05	5.48366e-06
-0.299999999999999	8.53543e-05	4.94721e-06
-0.25	8.97055e-05	3.15906e-06
-0.199999999999999	9.77521e-05	-1.1921e-06
-0.15	0.00010568	1.01329e-06
-0.0999999999999996	0.000112176	4.58959e-06
-0.0499999999999989	0.000111819	1.47224e-05
0	0.000127555	2.3246e-06
0.0500000000000007	0.000129105	1.24574e-05
0.0999999999999996	0.000141026	9.83482e-06
0.15	0.00015688	1.04905e-05
0.200000000000001	0.000168682	9.5368e-06
0.25	0.000171543	8.70234e-06
0.300000000000001	0.000160635	5.78168e-06
0.35	0.000145615	8.46392e-06
0.4	0.000131072	9.89443e-06
0.450000000000001	0.000126542	2.3842e-07
0.5	0.00011617	-1.1921e-06
0.550000000000001	0.000108243	-2.80143e-06
0.600000000000001	9.41162e-05	8.88115e-06
0.65	9.22685e-05	3.5763e-07
0.700000000000001	8.32085e-05	6.61614e-06
0.75	8.1778e-05	3.09946e-06
0.800000000000001	7.68905e-05	6.67575e-06
0.850000000000001	7.55792e-05	2.26499e-06
0.9	7.25393e-05	1.2517e-06
0.950000000000001	7.13472e-05	-1.78815e-07
1	7.093e-05	-2.3246e-06
1.05	7.05724e-05	-3.51669e-06
1.1	6.95591e-05	-1.49012e-06
1.15	6.83074e-05	3.33787e-06
1.2	7.00955e-05	-1.31131e-06
1.25	7.11684e-05	-5.96051e-08
1.3	7.01551e-05	7.2718e-06
1.35	7.46255e-05	5.12603e-06
1.4	6.95591e-05	1.28747e-05
1.45	7.3493e-05	3.75511e-06
1.5	7.3493e-05	3.99354e-06
1.55	6.81286e-05	1.30535e-05
1.6	5.99625e-05	1.56165e-05
1.65	5.21543e-05	1.80603e-05
1.7	6.34198e-05	1.01328e-05
1.75	6.59232e-05	5.60287e-06
1.8	7.09896e-05	-1.90736e-06
1.85	7.28969e-05	-3.6359e-06
1.9	7.39698e-05	-2.68222e-06
1.95	7.52215e-05	-3.21867e-06
2	7.61752e-05	-4.47038e-06
2.05	7.74865e-05	-2.80143e-06
2.1	7.88574e-05	6.55655e-07
2.15	6.81882e-05	1.03117e-05
2.2	7.5758e-05	-2.20539e-06
2.25	7.79037e-05	-2.3246e-06
2.3	7.79037e-05	-1.07289e-06
2.35	7.9215e-05	-3.27827e-06
2.4	7.97515e-05	-3.03985e-06
2.45	8.00495e-05	-2.08618e-06
2.5	8.07052e-05	-1.37091e-06
2.55	7.74865e-05	4.64919e-06
2.6	7.50427e-05	6.67575e-06
2.65	7.6652e-05	4.88761e-06
2.7	7.87382e-05	1.90736e-06
2.75	8.02879e-05	-8.94073e-07
2.8	8.10032e-05	-1.31131e-06
2.85	8.21357e-05	-4.76841e-07
2.9	8.31489e-05	1.37091e-06
2.95	8.59504e-05	-3.5763e-07
3	8.64272e-05	1.90736e-06
3.05	8.57119e-05	9.71562e-06
3.1	9.22089e-05	2.3842e-06
3.15	9.85269e-05	1.1921e-07
3.2	0.000100852	1.49012e-06
3.25	0.000102818	4.58959e-06
3.3	0.000109256	2.68222e-06
3.35	0.000118316	-4.11275e-06
3.4	0.000126005	-7.2718e-06
3.45	0.000135661	-4.29156e-06
3.5	0.000145913	1.1921e-06
3.55	0.000159086	-8.70234e-06
3.6	0.000182093	-1.05501e-05
3.65	0.000203074	-1.73451e-05
3.7	0.000225605	-1.92524e-05
3.75	0.000252845	-1.95504e-05
3.8	0.000243426	-1.82391e-05
3.85	0.000238598	-1.49012e-05
3.9	0.000223876	-1.66894e-05
3.95	0.000207246	-1.49012e-05
4	0.00017649	-1.2517e-05
4.05	0.000126959	-4.47038e-06
4.1	0.000106574	-4.17234e-07
4.15	9.66792e-05	-1.78815e-07
4.2	8.98843e-05	3.5763e-07
4.25	8.58312e-05	1.1325e-06
4.3	8.4043e-05	1.2517e-06
4.35	8.22549e-05	-3.5763e-07
4.4	8.09436e-05	1.60933e-06
4.45	6.97379e-05	1.56165e-05
4.5	5.97241e-05	1.52589e-05
4.55	6.92611e-05	1.25766e-05
4.6	7.3791e-05	9.65601e-06
4.65	8.15396e-05	2.56301e-06
4.7	8.45199e-05	-1.54973e-06
4.75	8.601e-05	-1.54973e-06
4.8	8.6308e-05	1.78815e-07
4.85	8.67252e-05	3.81473e-06
4.9	8.74405e-05	7.2718e-06
4.95	8.82153e-05	6.79496e-06
5	9.42354e-05	4.35117e-06
5.05	0.00010252	4.76841e-07
5.1	0.000105083	3.51669e-06
5.15	0.000114918	1.78815e-07
5.2	0.000118852	-1.54973e-06
5.25	0.000118971	1.1921e-07
5.3	0.000127078	-4.17235e-06
5.35	0.000134171	-6.55654e-06
5.4	0.000147642	-8.70234e-06
5.45	0.000146748	-8.10629e-06
5.5	0.000153662	-8.16589e-06
5.55	0.000159086	-3.6955e-06
5.6	0.000174464	-1.13845e-05
5.65	0.000195981	-1.1623e-05
5.7	0.000230552	-1.44244e-05
5.75	0.000247004	-1.09673e-05
5.8	0.000264766	-2.31267e-05
5.85	0.000284316	-2.9266e-05
5.9	0.000296297	-2.78355e-05
5.95	0.000310721	-3.43325e-05
6	0.000327529	-3.98757e-05
6.05	0.000324966	-3.87433e-05
6.1	0.000330212	-3.93989e-05
6.15	0.000322105	-3.90413e-05
6.2	0.000316801	-4.15447e-05
6.25	0.000314774	-3.82068e-05
6.3	0.000313522	-4.04718e-05
6.35	0.000327887	-3.93393e-05
6.4	0.000332477	-4.48229e-05
6.45	0.000340106	-3.52266e-05
6.5	0.000335695	-2.49745e-05
6.55	0.000339689	-5.23331e-05
6.6	0.000374617	-4.46441e-05
6.65	0.000437619	-9.7156e-05
6.7	0.000454964	-8.09436e-05
6.75	0.00047213	-8.02879e-05
6.8	0.00049061	-8.9169e-05
6.85	0.000564162	-0.000124634
6.9	0.00062776	-0.000160576
6.95	0.000548784	-0.000131191
7	0.000566427	-0.000119448
7.05	0.00057501	-0.000162006
7.1	0.000593428	-0.000160278
7.15	0.000524763	-0.000133038
7.2	0.000500623	-0.000125707
7.25	0.000459256	-0.000138939
7.3	0.000395896	-9.05995e-05
7.35	0.000384809	-9.1136e-05
7.4	0.000429513	-0.000127853
7.45	0.000392498	-0.000106097
7.5	0.000388088	-9.47719e-05
7.55	0.000385286	-8.10032e-05
7.6	0.00034559	-0.000131489
7.65	0.000426175	-0.000105739
7.7	0.000455918	-0.000100911
7.75	0.000406267	-0.000115216
7.8	0.000341298	-8.97055e-05
7.85	0.000136138	-2.6703e-05
7.9	0.000107229	-5.54326e-06
7.95	9.51295e-05	-4.17235e-06
8	7.8917e-05	-6.97377e-06
8.05	6.80094e-05	-1.10269e-05
8.1	4.52998e-05	9.41759e-06
8.15	4.58958e-05	1.07289e-06
8.2	5.19159e-05	-1.84775e-06
8.25	5.6267e-05	-2.4438e-06
8.3	5.73995e-05	2.62262e-06
8.35	4.94721e-05	-5.42405e-06
8.4	5.25119e-05	1.06097e-05
8.45	4.73263e-05	5.66247e-06
8.5	5.00085e-05	4.29156e-06
8.55	3.97565e-05	5.72208e-06
8.6	4.71475e-05	-1.1921e-06
8.65	4.98893e-05	-5.72208e-06
8.7	5.30484e-05	8.94073e-07
8.75	5.38828e-05	-4.47038e-06
8.8	4.43461e-05	3.33787e-06
8.85	4.42269e-05	3.51669e-06
8.9	4.63726e-05	-1.60933e-06
8.95	4.87568e-05	-7.39101e-06
9	4.72071e-05	-3.21867e-06
