# srdc_volt_set	lockin2_X	lockin2_Y
# "volt"	"X"	"Y"
# 201
-10	2.33353e-05	-3.42728e-06
-9.9	2.43188e-05	-3.58374e-06
-9.8	2.50192e-05	-3.74766e-06
-9.7	2.58164e-05	-3.94884e-06
-9.6	2.5794e-05	-4.01589e-06
-9.5	2.5496e-05	-4.1202e-06
-9.4	2.58983e-05	-4.32137e-06
-9.3	2.58387e-05	-4.25431e-06
-9.2	2.54811e-05	-4.20961e-06
-9.1	2.47286e-05	-4.0755e-06
-9	2.40655e-05	-4.0606e-06
-8.9	2.37451e-05	-4.1202e-06
-8.8	2.34471e-05	-4.02334e-06
-8.7	2.31789e-05	-3.94884e-06
-8.6	2.31714e-05	-4.04569e-06
-8.5	2.34396e-05	-3.94884e-06
-8.4	2.37526e-05	-3.94139e-06
-8.3	2.37079e-05	-3.91903e-06
-8.2	2.39388e-05	-4.1053e-06
-8.1	2.44008e-05	-4.39587e-06
-8	2.51309e-05	-4.74605e-06
-7.9	2.52948e-05	-4.57469e-06
-7.8	2.50564e-05	-4.48528e-06
-7.7	2.49e-05	-4.50763e-06
-7.6	2.52054e-05	-4.53743e-06
-7.5	2.50639e-05	-4.62684e-06
-7.4	2.47435e-05	-4.71625e-06
-7.3	2.43784e-05	-4.90996e-06
-7.2	2.41474e-05	-4.91741e-06
-7.1	2.44827e-05	-4.85036e-06
-7	2.4736e-05	-4.69389e-06
-6.9	2.49745e-05	-4.62684e-06
-6.8	2.49298e-05	-4.44803e-06
-6.7	2.452e-05	-4.30646e-06
-6.6	2.42592e-05	-4.41077e-06
-6.5	2.45945e-05	-4.55233e-06
-6.4	2.414e-05	-4.31392e-06
-6.3	2.37749e-05	-4.29901e-06
-6.2	2.338e-05	-4.61939e-06
-6.1	2.24934e-05	-4.99192e-06
-6	2.21358e-05	-5.12603e-06
-5.9	2.20911e-05	-4.85036e-06
-5.8	2.18676e-05	-5.09623e-06
-5.7	2.22997e-05	-5.26014e-06
-5.6	2.31938e-05	-5.4613e-06
-5.5	2.34024e-05	-5.58051e-06
-5.4	2.38271e-05	-5.46876e-06
-5.3	2.44082e-05	-5.27504e-06
-5.2	2.48702e-05	-5.13348e-06
-5.1	2.54364e-05	-5.04407e-06
-5	2.58685e-05	-5.4017e-06
-4.9	2.71798e-05	-5.78913e-06
-4.8	2.86476e-05	-6.23617e-06
-4.7	3.01377e-05	-6.78751e-06
-4.6	3.24326e-05	-7.2867e-06
-4.5	3.35725e-05	-8.74704e-06
-4.4	3.49733e-05	-8.89605e-06
-4.3	3.66422e-05	-8.2553e-06
-4.2	3.78715e-05	-8.67998e-06
-4.1	3.88178e-05	-9.72307e-06
-4	4.00397e-05	-9.60386e-06
-3.9	3.91903e-05	-9.12702e-06
-3.8	3.76778e-05	-8.57568e-06
-3.7	3.64559e-05	-8.02433e-06
-3.6	3.49062e-05	-7.57727e-06
-3.5	3.51223e-05	-7.68906e-06
-3.4	3.76927e-05	-8.15844e-06
-3.3	4.05314e-05	-8.98546e-06
-3.2	4.28113e-05	-1.00583e-05
-3.1	4.24164e-05	-1.07363e-05
-3	4.13361e-05	-1.07512e-05
-2.9	3.85868e-05	-9.17917e-06
-2.8	3.45039e-05	-8.2404e-06
-2.7	3.01377e-05	-7.45061e-06
-2.6	2.81782e-05	-6.57144e-06
-2.5	2.59654e-05	-6.29577e-06
-2.4	2.44231e-05	-5.93069e-06
-2.3	2.38718e-05	-6.59379e-06
-2.2	2.3462e-05	-7.2867e-06
-2.1	2.32385e-05	-8.60548e-06
-2	2.34918e-05	-8.35216e-06
-1.9	2.33055e-05	-7.19729e-06
-1.8	2.37973e-05	-7.3165e-06
-1.7	2.33949e-05	-6.72045e-06
-1.6	2.26722e-05	-5.96049e-06
-1.5	2.11449e-05	-5.89344e-06
-1.4	1.98336e-05	-5.61032e-06
-1.3	1.88426e-05	-5.73698e-06
-1.2	1.80231e-05	-5.60287e-06
-1.1	1.72929e-05	-5.22289e-06
-1	1.66224e-05	-4.71625e-06
-0.9	1.62126e-05	-4.38097e-06
-0.799999999999999	1.63839e-05	-4.14255e-06
-0.699999999999999	1.65404e-05	-4.30646e-06
-0.6	1.71141e-05	-5.26759e-06
-0.5	1.91258e-05	-6.31812e-06
-0.399999999999999	2.13162e-05	-6.63105e-06
-0.299999999999999	2.45572e-05	-5.88599e-06
-0.199999999999999	2.91766e-05	-7.42081e-06
-0.0999999999999996	3.57705e-05	-9.14937e-06
0	4.47782e-05	-1.15857e-05
0.100000000000001	5.44789e-05	-1.45063e-05
0.200000000000001	5.47322e-05	-1.37389e-05
0.300000000000001	4.35191e-05	-1.12281e-05
0.4	3.43623e-05	-9.03016e-06
0.5	2.76716e-05	-8.30746e-06
0.600000000000001	2.31044e-05	-7.32395e-06
0.700000000000001	1.97889e-05	-6.02755e-06
0.800000000000001	1.70396e-05	-5.48366e-06
0.9	1.52738e-05	-5.18563e-06
1	1.49683e-05	-4.52253e-06
1.1	1.51322e-05	-4.27666e-06
1.2	1.58475e-05	-4.1053e-06
1.3	1.69278e-05	-4.57469e-06
1.4	1.89767e-05	-5.00682e-06
1.5	2.18825e-05	-5.83383e-06
1.6	2.69638e-05	-7.47296e-06
1.7	3.33714e-05	-9.93168e-06
1.8	3.60685e-05	-1.10716e-05
1.9	3.36024e-05	-1.09599e-05
2	2.95044e-05	-1.03713e-05
2.1	2.85358e-05	-8.2404e-06
2.2	2.65316e-05	-7.2867e-06
2.3	2.38122e-05	-6.78751e-06
2.4	2.10406e-05	-5.75188e-06
2.5	1.9312e-05	-5.52091e-06
2.6	1.79709e-05	-5.86364e-06
2.7	1.72333e-05	-5.84873e-06
2.8	1.74121e-05	-5.37935e-06
2.9	1.77176e-05	-5.70717e-06
3	1.96026e-05	-6.10205e-06
3.1	2.21134e-05	-7.24199e-06
3.2	2.6934e-05	-7.39101e-06
3.3	3.34012e-05	-8.60548e-06
3.4	3.74096e-05	-1.04979e-05
3.5	3.55246e-05	-9.90933e-06
3.6	3.11511e-05	-9.14937e-06
3.7	2.89829e-05	-9.5815e-06
3.8	2.88115e-05	-9.52935e-06
3.9	3.09946e-05	-8.47137e-06
4	3.16205e-05	-8.26275e-06
4.1	3.12852e-05	-9.25368e-06
4.2	2.97428e-05	-8.9035e-06
4.3	2.88413e-05	-8.00943e-06
4.4	2.79323e-05	-7.51766e-06
4.5	2.61219e-05	-7.47296e-06
4.6	2.53842e-05	-6.6385e-06
4.7	2.4371e-05	-6.52674e-06
4.8	2.43188e-05	-5.78168e-06
4.9	2.38047e-05	-5.52836e-06
5	2.29852e-05	-5.58051e-06
5.1	2.23593e-05	-5.72208e-06
5.2	2.18452e-05	-5.49856e-06
5.3	2.10704e-05	-5.28994e-06
5.4	2.00645e-05	-5.50601e-06
5.5	1.98634e-05	-4.7386e-06
5.6	1.91034e-05	-5.02917e-06
5.7	1.87532e-05	-5.28994e-06
5.8	1.92822e-05	-4.7982e-06
5.9	1.96026e-05	-4.00844e-06
6	2.0072e-05	-3.79981e-06
6.1	2.00124e-05	-3.7104e-06
6.2	2.02582e-05	-3.77001e-06
6.3	2.05637e-05	-3.67315e-06
6.4	2.15844e-05	-3.65825e-06
6.5	2.30373e-05	-3.97119e-06
6.6	2.46243e-05	-4.34372e-06
6.7	2.5794e-05	-4.64174e-06
6.8	2.48255e-05	-4.69389e-06
6.9	2.41996e-05	-5.00682e-06
7	2.36855e-05	-4.91741e-06
7.1	2.33428e-05	-4.65664e-06
7.2	2.3313e-05	-4.41822e-06
7.3	2.33651e-05	-4.74605e-06
7.4	2.31714e-05	-5.15583e-06
7.5	2.28958e-05	-6.13186e-06
7.6	2.41996e-05	-5.33464e-06
7.7	2.4818e-05	-5.09623e-06
7.8	2.51384e-05	-4.90996e-06
7.9	2.50192e-05	-4.93976e-06
8	2.52427e-05	-4.99192e-06
8.1	2.49745e-05	-5.12603e-06
8.2	2.51384e-05	-5.30484e-06
8.3	2.53172e-05	-5.23779e-06
8.4	2.53172e-05	-5.57306e-06
8.5	2.51384e-05	-5.36445e-06
8.6	2.46317e-05	-4.93231e-06
8.7	2.42667e-05	-4.69389e-06
8.8	2.34471e-05	-4.48528e-06
8.9	2.28361e-05	-4.18726e-06
9	2.25977e-05	-4.15e-06
9.1	2.26052e-05	-4.17235e-06
9.2	2.24189e-05	-4.59704e-06
9.3	2.25381e-05	-4.50763e-06
9.4	2.30299e-05	-4.1053e-06
9.5	2.31714e-05	-4.18726e-06
9.6	2.2851e-05	-4.74605e-06
9.7	2.24934e-05	-4.74605e-06
9.8	2.25903e-05	-4.15745e-06
9.9	2.26722e-05	-3.96374e-06
10	2.27095e-05	-3.79236e-06
