# srdc_volt_set	lockin2_X	lockin2_Y
# "volt"	"X"	"Y"
# 601
-15	5.02917e-06	-6.70557e-08
-14.95	4.92486e-06	-1.1921e-07
-14.9	4.90251e-06	8.94074e-08
-14.85	5.14838e-06	-1.11759e-07
-14.8	5.26759e-06	-1.49013e-08
-14.75	5.20798e-06	4.47037e-08
-14.7	5.32719e-06	7.45064e-09
-14.65	5.61032e-06	4.47037e-08
-14.6	5.75933e-06	0
-14.55	5.88599e-06	-6.70557e-08
-14.5	6.0797e-06	1.26661e-07
-14.45	6.0946e-06	5.96051e-08
-14.4	6.49694e-06	1.49013e-08
-14.35	6.48203e-06	5.21543e-08
-14.3	6.66085e-06	-7.45063e-08
-14.25	6.78751e-06	-6.70557e-08
-14.2	6.93652e-06	-1.49013e-08
-14.15	7.15259e-06	5.21543e-08
-14.1	7.41336e-06	3.72531e-08
-14.05	7.68161e-06	-2.98025e-08
-14	7.97963e-06	-6.70557e-08
-13.95	8.2404e-06	-7.45064e-09
-13.9	8.67253e-06	-8.19568e-08
-13.85	9.29838e-06	-1.04309e-07
-13.8	1.00062e-05	-8.19568e-08
-13.75	1.06842e-05	-3.72531e-08
-13.7	1.10716e-05	-1.04309e-07
-13.65	1.18018e-05	-1.26661e-07
-13.6	1.17869e-05	-1.93716e-07
-13.55	1.34186e-05	-1.71364e-07
-13.5	1.59071e-05	-3.20377e-07
-13.45	1.59146e-05	-2.53322e-07
-13.4	1.54824e-05	-3.72531e-07
-13.35	1.48789e-05	-2.23518e-07
-13.3	1.51024e-05	-2.68223e-07
-13.25	1.53111e-05	-2.53322e-07
-13.2	1.57059e-05	-3.35278e-07
-13.15	1.61902e-05	-3.20377e-07
-13.1	1.67863e-05	-2.53322e-07
-13.05	1.73525e-05	-2.98025e-07
-13	1.74792e-05	-2.68223e-07
-12.95	1.76133e-05	-2.3842e-07
-12.9	1.85446e-05	-2.83124e-07
-12.85	1.96696e-05	-3.12926e-07
-12.8	1.97665e-05	-2.23518e-07
-12.75	1.96547e-05	-2.23518e-07
-12.7	2.07723e-05	-3.27827e-07
-12.65	2.18974e-05	-1.78815e-07
-12.6	2.25456e-05	-4.47037e-07
-12.55	2.27244e-05	-1.11759e-07
-12.5	2.37377e-05	-4.09784e-07
-12.45	2.53991e-05	-6.55655e-07
-12.4	2.78355e-05	-7.15259e-07
-12.35	3.08978e-05	-4.32135e-07
-12.3	3.18515e-05	-5.58797e-07
-12.25	2.95864e-05	-6.70556e-07
-12.2	2.85209e-05	-6.03501e-07
-12.15	2.82974e-05	-5.14094e-07
-12.1	3.10319e-05	-6.10951e-07
-12.05	3.13001e-05	-6.63105e-07
-12	2.54737e-05	-5.06643e-07
-11.95	2.30522e-05	-4.09784e-07
-11.9	2.20985e-05	-4.24685e-07
-11.85	1.99006e-05	-3.6508e-07
-11.8	1.83062e-05	-3.42729e-07
-11.75	1.68682e-05	-2.3842e-07
-11.7	1.60263e-05	-2.90574e-07
-11.65	1.51024e-05	-2.60772e-07
-11.6	1.38432e-05	-2.75673e-07
-11.55	1.2666e-05	-1.1921e-07
-11.5	1.19061e-05	-5.21543e-08
-11.45	1.15857e-05	-2.01167e-07
-11.4	1.12206e-05	-1.49013e-07
-11.35	1.1012e-05	-1.41562e-07
-11.3	1.0632e-05	-1.1921e-07
-11.25	1.04085e-05	-1.71364e-07
-11.2	1.04234e-05	-1.49013e-07
-11.15	1.0334e-05	-1.56463e-07
-11.1	1.02446e-05	-8.19568e-08
-11.05	9.99129e-06	-1.34111e-07
-11	9.96894e-06	-1.63914e-07
-10.95	9.73797e-06	-1.34111e-07
-10.9	9.85718e-06	-1.04309e-07
-10.85	9.81247e-06	-8.94074e-08
-10.8	9.82737e-06	-8.94074e-08
-10.75	9.78267e-06	-6.70557e-08
-10.7	9.82737e-06	-5.21543e-08
-10.65	9.78267e-06	-8.94074e-08
-10.6	9.81247e-06	-9.6858e-08
-10.55	9.60386e-06	1.49013e-08
-10.5	9.43249e-06	-3.72531e-08
-10.45	9.81992e-06	-1.86265e-07
-10.4	9.61131e-06	-1.1921e-07
-10.35	9.36544e-06	-1.49013e-08
-10.3	9.31328e-06	-2.23519e-08
-10.25	9.29838e-06	-7.45063e-08
-10.2	9.61876e-06	-7.45063e-08
-10.15	9.5368e-06	-2.01167e-07
-10.1	9.5517e-06	-2.08617e-07
-10.05	9.61131e-06	-2.08617e-07
-10	9.57405e-06	-3.20377e-07
-9.95	9.43249e-06	-1.04309e-07
-9.9	9.38034e-06	-1.56463e-07
-9.85	9.11212e-06	-2.16068e-07
-9.8	8.94821e-06	-1.93716e-07
-9.75	8.64273e-06	-2.60772e-07
-9.7	8.71724e-06	-2.23519e-08
-9.65	8.36706e-06	-5.21543e-08
-9.6	8.10629e-06	-1.78815e-07
-9.55	7.91257e-06	-3.27827e-07
-9.5	8.01688e-06	-1.49013e-07
-9.45	8.09884e-06	0
-9.4	7.55492e-06	-1.26661e-07
-9.35	7.74121e-06	-1.26661e-07
-9.3	7.66671e-06	-1.34111e-07
-9.25	7.39846e-06	2.98025e-08
-9.2	7.40591e-06	1.56463e-07
-9.15	7.51021e-06	-2.83124e-07
-9.1	7.6518e-06	-1.49013e-07
-9.05	7.57727e-06	-1.56463e-07
-9	7.3761e-06	-1.56463e-07
-8.95	7.36865e-06	-1.34111e-07
-8.9	7.19729e-06	-2.98025e-08
-8.85	7.18984e-06	-1.34111e-07
-8.8	7.21964e-06	-2.60772e-07
-8.75	7.22709e-06	-1.71364e-07
-8.7	7.2718e-06	-1.34111e-07
-8.65	7.17494e-06	-1.93716e-07
-8.6	7.18984e-06	-8.94074e-08
-8.55	7.04828e-06	-8.19568e-08
-8.5	6.83966e-06	-2.75673e-07
-8.45	6.95887e-06	-2.60772e-07
-8.4	7.12278e-06	-1.71364e-07
-8.35	7.43571e-06	-1.11759e-07
-8.3	7.51021e-06	-2.75673e-07
-8.25	7.38355e-06	-5.96051e-08
-8.2	7.62945e-06	-2.23519e-08
-8.15	7.65926e-06	-5.21543e-08
-8.1	7.70396e-06	-9.6858e-08
-8.05	7.6518e-06	-7.45063e-08
-8	7.77846e-06	-4.47037e-08
-7.95	7.57727e-06	2.98025e-08
-7.9	7.66671e-06	-1.26661e-07
-7.85	7.92003e-06	-1.34111e-07
-7.8	7.78591e-06	1.49013e-08
-7.75	7.94983e-06	-3.20377e-07
-7.7	7.96473e-06	4.47037e-08
-7.65	8.23295e-06	-2.3842e-07
-7.6	8.10629e-06	-2.60772e-07
-7.55	8.14354e-06	-2.23519e-08
-7.5	8.35961e-06	-7.45064e-09
-7.45	8.35961e-06	-1.49013e-07
-7.4	8.43412e-06	-1.49013e-07
-7.35	8.35961e-06	-7.45063e-08
-7.3	8.42666e-06	-1.1921e-07
-7.25	8.30746e-06	-5.96051e-08
-7.2	8.11374e-06	-5.96051e-08
-7.15	8.69489e-06	-5.96051e-08
-7.1	8.73959e-06	3.5763e-07
-7.05	8.63528e-06	-2.90574e-07
-7	9.06741e-06	-4.24685e-07
-6.95	8.73959e-06	-1.41562e-07
-6.9	9.22388e-06	-4.17234e-07
-6.85	9.20153e-06	-3.27827e-07
-6.8	9.23133e-06	-7.45064e-09
-6.75	9.43249e-06	-1.11759e-07
-6.7	9.58896e-06	-2.23519e-08
-6.65	9.66346e-06	-1.63914e-07
-6.6	1.01552e-05	-1.1921e-07
-6.55	1.04979e-05	-2.16068e-07
-6.5	1.08556e-05	-1.34111e-07
-6.45	1.16453e-05	-1.93716e-07
-6.4	1.21073e-05	-2.53322e-07
-6.35	1.23904e-05	-2.45871e-07
-6.3	1.2666e-05	-2.23518e-07
-6.25	1.34111e-05	-2.90574e-07
-6.2	1.36421e-05	-2.75673e-07
-6.15	1.43126e-05	-2.60772e-07
-6.1	1.46554e-05	-2.90574e-07
-6.05	1.47448e-05	-3.20377e-07
-6	1.46926e-05	-9.6858e-08
-5.95	1.41189e-05	-3.42729e-07
-5.9	1.40221e-05	-3.27827e-07
-5.85	1.38358e-05	-4.02333e-07
-5.8	1.37464e-05	-3.35278e-07
-5.75	1.34707e-05	-3.27827e-07
-5.7	1.31801e-05	-3.94883e-07
-5.65	1.32695e-05	-3.27827e-07
-5.6	1.2979e-05	-3.87432e-07
-5.55	1.2599e-05	-4.24685e-07
-5.5	1.24425e-05	-3.20377e-07
-5.45	1.22861e-05	-3.94883e-07
-5.4	1.20253e-05	-3.27827e-07
-5.35	1.1541e-05	-3.05476e-07
-5.3	1.13771e-05	-2.83124e-07
-5.25	1.12579e-05	-2.68223e-07
-5.2	1.09077e-05	-2.60772e-07
-5.15	1.07661e-05	-1.78815e-07
-5.1	1.03862e-05	-4.02333e-07
-5.05	1.03415e-05	-4.61938e-07
-5	1.01179e-05	-1.56463e-07
-4.95	9.66346e-06	-1.11759e-07
-4.9	9.93168e-06	3.72531e-08
-4.85	1.01328e-05	2.23519e-08
-4.8	9.74542e-06	-4.99193e-07
-4.75	9.81992e-06	-4.47037e-07
-4.7	9.90933e-06	-2.53322e-07
-4.65	9.93913e-06	-2.16068e-07
-4.6	9.90188e-06	-2.53322e-07
-4.55	9.99129e-06	-3.87432e-07
-4.5	1.0267e-05	-1.78815e-07
-4.45	1.02297e-05	-2.3842e-07
-4.4	1.04979e-05	-4.47037e-07
-4.35	1.03862e-05	-5.21543e-08
-4.3	1.01552e-05	-3.42729e-07
-4.25	1.02521e-05	-4.61938e-07
-4.2	1.06097e-05	-1.26661e-07
-4.15	1.06097e-05	-2.68223e-07
-4.1	1.08109e-05	-1.93716e-07
-4.05	1.08258e-05	-2.45871e-07
-4	1.08034e-05	-2.45871e-07
-3.95	1.07661e-05	-2.08617e-07
-3.9	1.09748e-05	-1.63914e-07
-3.85	1.11238e-05	-1.63914e-07
-3.8	1.11461e-05	-1.86265e-07
-3.75	1.09524e-05	-1.93716e-07
-3.7	1.10791e-05	-1.71364e-07
-3.65	1.10642e-05	-2.30969e-07
-3.6	1.09971e-05	-3.20377e-07
-3.55	1.09375e-05	-3.20377e-07
-3.5	1.09003e-05	-3.35278e-07
-3.45	1.10791e-05	-3.50179e-07
-3.4	1.10791e-05	-3.72531e-07
-3.35	1.11014e-05	-3.20377e-07
-3.3	1.1392e-05	-3.6508e-07
-3.25	1.17198e-05	-3.72531e-07
-3.2	1.18465e-05	-3.20377e-07
-3.15	1.20327e-05	-3.87432e-07
-3.1	1.23904e-05	-4.02333e-07
-3.05	1.30162e-05	-3.27827e-07
-3	1.35005e-05	-2.75673e-07
-2.95	1.39922e-05	-5.14094e-07
-2.9	1.46181e-05	-5.886e-07
-2.85	1.58251e-05	-4.39586e-07
-2.8	1.63467e-05	-3.79981e-07
-2.75	1.70247e-05	-5.14094e-07
-2.7	1.75388e-05	-4.47037e-07
-2.65	1.73451e-05	-3.94883e-07
-2.6	1.77996e-05	-5.81149e-07
-2.55	1.7658e-05	-5.21544e-07
-2.5	1.7427e-05	-4.99193e-07
-2.45	1.71216e-05	-4.47037e-07
-2.4	1.64435e-05	-3.35278e-07
-2.35	1.58922e-05	-5.14094e-07
-2.3	1.55197e-05	-3.79981e-07
-2.25	1.51918e-05	-3.20377e-07
-2.2	1.50949e-05	-3.50179e-07
-2.15	1.50055e-05	-3.50179e-07
-2.1	1.46479e-05	-3.05476e-07
-2.05	1.44691e-05	-3.87432e-07
-2	1.42083e-05	-4.02333e-07
-1.95	1.40221e-05	-3.35278e-07
-1.9	1.38209e-05	-3.87432e-07
-1.85	1.38507e-05	-3.94883e-07
-1.8	1.3806e-05	-3.87432e-07
-1.75	1.38581e-05	-4.24685e-07
-1.7	1.38283e-05	-3.87432e-07
-1.65	1.38507e-05	-3.72531e-07
-1.6	1.40071e-05	-3.87432e-07
-1.55	1.41338e-05	-3.35278e-07
-1.5	1.4402e-05	-3.94883e-07
-1.45	1.46479e-05	-2.30969e-07
-1.4	1.51024e-05	-3.20377e-07
-1.35	1.55122e-05	-3.05476e-07
-1.3	1.61232e-05	-3.05476e-07
-1.25	1.69055e-05	-3.20377e-07
-1.2	1.73674e-05	-3.94883e-07
-1.15	1.82391e-05	-3.87432e-07
-1.1	1.90214e-05	-4.47037e-07
-1.05	1.92524e-05	-4.32135e-07
-1	1.94089e-05	-4.47037e-07
-0.949999999999999	1.98559e-05	-4.47037e-07
-0.899999999999999	1.99826e-05	-4.61938e-07
-0.85	1.999e-05	-5.14094e-07
-0.799999999999999	2.03775e-05	-5.81149e-07
-0.75	2.08319e-05	-6.33303e-07
-0.699999999999999	2.14652e-05	-5.886e-07
-0.649999999999999	2.19868e-05	-7.30161e-07
-0.6	2.27467e-05	-7.30161e-07
-0.549999999999999	2.30001e-05	-7.59963e-07
-0.5	2.30746e-05	-7.89765e-07
-0.449999999999999	2.38494e-05	-7.89765e-07
-0.399999999999999	2.45051e-05	-8.64271e-07
-0.35	2.51756e-05	-8.86623e-07
-0.299999999999999	2.55556e-05	-8.27018e-07
-0.25	2.54886e-05	-8.27018e-07
-0.199999999999999	2.56152e-05	-8.19568e-07
-0.149999999999999	2.61293e-05	-8.4937e-07
-0.0999999999999996	2.61293e-05	-7.52512e-07
-0.0499999999999989	2.67253e-05	-7.82315e-07
0	2.70234e-05	-8.27018e-07
0.0500000000000007	2.69712e-05	-8.64271e-07
0.100000000000001	2.75971e-05	-7.67413e-07
0.15	2.76641e-05	-8.27018e-07
0.200000000000001	2.82229e-05	-8.94073e-07
0.25	3.02942e-05	-1.02819e-06
0.300000000000001	3.2522e-05	-1.12504e-06
0.350000000000001	3.48317e-05	-1.11014e-06
0.4	3.53979e-05	-1.43052e-06
0.450000000000001	3.59046e-05	-1.41562e-06
0.5	3.68583e-05	-1.22935e-06
0.550000000000001	3.71116e-05	-1.28151e-06
0.600000000000001	3.94734e-05	-1.46777e-06
0.65	3.97193e-05	-1.32621e-06
0.700000000000001	4.0591e-05	-1.41562e-06
0.75	3.77747e-05	-1.27406e-06
0.800000000000001	3.03538e-05	-8.19568e-07
0.850000000000001	2.53693e-05	-7.89765e-07
0.9	2.21954e-05	-6.85457e-07
0.950000000000001	1.91854e-05	-5.28995e-07
1	1.76952e-05	-4.99193e-07
1.05	1.56389e-05	-4.54487e-07
1.1	1.42307e-05	-3.87432e-07
1.15	1.35378e-05	-3.20377e-07
1.2	1.28821e-05	-4.17234e-07
1.25	1.2666e-05	-3.20377e-07
1.3	1.21967e-05	-3.79981e-07
1.35	1.18986e-05	-3.35278e-07
1.4	1.16528e-05	-3.6508e-07
1.45	1.15112e-05	-3.72531e-07
1.5	1.15857e-05	-3.20377e-07
1.55	1.18092e-05	-2.98025e-07
1.6	1.17049e-05	-2.75673e-07
1.65	1.15857e-05	-2.83124e-07
1.7	1.08481e-05	-2.08617e-07
1.75	1.06767e-05	-6.70557e-08
1.8	1.0565e-05	-7.45063e-08
1.85	1.00956e-05	-8.19568e-08
1.9	9.46975e-06	-2.23519e-08
1.95	9.07487e-06	-1.34111e-07
2	8.88115e-06	-1.26661e-07
2.05	8.69489e-06	-1.34111e-07
2.1	8.57568e-06	-1.11759e-07
2.15	8.54587e-06	-1.49013e-07
2.2	8.35216e-06	-5.96051e-08
2.25	8.23295e-06	-8.19568e-08
2.3	8.12864e-06	-8.94074e-08
2.35	8.09884e-06	-1.49013e-08
2.4	8.15844e-06	-1.04309e-07
2.45	8.1957e-06	-1.1921e-07
2.5	8.2255e-06	-1.71364e-07
2.55	8.14354e-06	-5.21543e-08
2.6	7.89767e-06	-4.47037e-08
2.65	7.66671e-06	-5.96051e-08
2.7	7.59962e-06	-7.45063e-08
2.75	7.65926e-06	-6.70557e-08
2.8	7.49531e-06	2.23519e-08
2.85	7.42826e-06	-5.96051e-08
2.9	7.3463e-06	-5.96051e-08
2.95	7.26435e-06	-2.23519e-08
3	7.23454e-06	3.72531e-08
3.05	7.21964e-06	-2.23519e-08
3.1	7.10788e-06	-5.21543e-08
3.15	6.92162e-06	-1.49013e-08
3.2	6.6832e-06	-2.98025e-08
3.25	6.46713e-06	0
3.3	6.38518e-06	-7.45064e-09
3.35	6.26597e-06	-1.49013e-08
3.4	6.08715e-06	-7.45064e-09
3.45	6.0201e-06	-4.47037e-08
3.5	5.88599e-06	4.47037e-08
3.55	5.73698e-06	1.49013e-08
3.6	5.52836e-06	2.23519e-08
3.65	5.43895e-06	7.45064e-09
3.7	5.26759e-06	0
3.75	5.20798e-06	0
3.8	5.14838e-06	-4.47037e-08
3.85	5.01427e-06	0
3.9	4.95467e-06	0
3.95	4.96957e-06	2.98025e-08
4	4.99937e-06	0
4.05	4.90996e-06	0
4.1	4.89506e-06	-7.45064e-09
4.15	4.86526e-06	5.96051e-08
4.2	4.89506e-06	-1.49013e-08
4.25	4.8131e-06	0
4.3	4.82801e-06	7.45064e-09
4.35	4.82801e-06	3.72531e-08
4.4	4.7535e-06	-3.72531e-08
4.45	4.80565e-06	-4.47037e-08
4.5	4.68644e-06	2.23519e-08
4.55	4.71625e-06	0
4.6	4.67154e-06	0
4.65	4.67154e-06	-2.23519e-08
4.7	4.71625e-06	4.47037e-08
4.75	4.71625e-06	1.49013e-08
4.8	4.69389e-06	8.19568e-08
4.85	4.68644e-06	-7.45064e-09
4.9	4.7237e-06	4.47037e-08
4.95	4.68644e-06	3.72531e-08
5	4.71625e-06	-4.47037e-08
5.05	4.67899e-06	0
5.1	4.68644e-06	1.11759e-07
5.15	4.68644e-06	-7.45064e-09
5.2	4.67154e-06	4.47037e-08
5.25	4.71625e-06	0
5.3	4.54488e-06	-6.70557e-08
5.35	4.58959e-06	-8.94074e-08
5.4	4.68644e-06	-8.94074e-08
5.45	4.7386e-06	1.49013e-08
5.5	4.7237e-06	-6.70557e-08
5.55	4.67154e-06	-3.72531e-08
5.6	4.70135e-06	1.49013e-08
5.65	4.62684e-06	7.45064e-09
5.7	4.64919e-06	1.49013e-08
5.75	4.64919e-06	-4.47037e-08
5.8	4.63429e-06	0
5.85	4.61194e-06	-6.70557e-08
5.9	4.59704e-06	-3.72531e-08
5.95	4.55233e-06	-2.98025e-08
6	4.66409e-06	-6.70557e-08
6.05	4.60449e-06	1.11759e-07
6.1	4.60449e-06	-3.72531e-08
6.15	4.58214e-06	-2.23519e-08
6.2	4.55978e-06	0
6.25	4.60449e-06	-4.47037e-08
6.3	4.55978e-06	4.47037e-08
6.35	4.61194e-06	-3.72531e-08
6.4	4.61194e-06	-8.94074e-08
6.45	4.58214e-06	-5.96051e-08
6.5	4.67154e-06	-2.98025e-08
6.55	4.68644e-06	-2.98025e-08
6.6	4.74605e-06	-5.21543e-08
6.65	4.69389e-06	0
6.7	4.7684e-06	-4.47037e-08
6.75	4.83546e-06	-6.70557e-08
6.8	4.83546e-06	-1.49013e-08
6.85	4.83546e-06	1.49013e-08
6.9	4.87271e-06	0
6.95	4.82801e-06	-7.45064e-09
7	4.87271e-06	2.23519e-08
7.05	4.86526e-06	-2.98025e-08
7.1	4.80565e-06	-2.23519e-08
7.15	4.91741e-06	0
7.2	4.98447e-06	-5.21543e-08
7.25	5.02172e-06	0
7.3	4.99192e-06	-2.98025e-08
7.35	4.99937e-06	2.98025e-08
7.4	5.10368e-06	-1.49013e-08
7.45	5.21544e-06	-7.45064e-09
7.5	5.19308e-06	2.98025e-08
7.55	5.14093e-06	3.72531e-08
7.6	5.11113e-06	7.45064e-09
7.65	5.11113e-06	-1.49013e-08
7.7	5.11858e-06	2.23519e-08
7.75	5.05897e-06	0
7.8	5.09623e-06	-8.94074e-08
7.85	5.11858e-06	0
7.9	5.10368e-06	0
7.95	5.05152e-06	2.23519e-08
8	5.10368e-06	7.45063e-08
8.05	5.21544e-06	-3.72531e-08
8.1	5.20053e-06	-6.70557e-08
8.15	5.22289e-06	-5.21543e-08
8.2	5.16328e-06	-1.49013e-08
8.25	5.24524e-06	2.23519e-08
8.3	5.37935e-06	0
8.35	5.43895e-06	2.23519e-08
8.4	5.25269e-06	7.45064e-09
8.45	5.22289e-06	5.21543e-08
8.5	5.13348e-06	5.21543e-08
8.55	5.20798e-06	-6.70557e-08
8.6	5.18563e-06	7.45064e-09
8.65	5.09623e-06	0
8.7	5.17818e-06	2.98025e-08
8.75	5.18563e-06	2.23519e-08
8.8	5.16328e-06	1.49013e-08
8.85	5.09623e-06	0
8.9	5.12603e-06	1.1921e-07
8.95	5.21544e-06	5.96051e-08
9	5.25269e-06	3.72531e-08
9.05	5.12603e-06	3.72531e-08
9.1	5.09623e-06	3.72531e-08
9.15	5.20053e-06	2.23519e-08
9.2	5.11113e-06	0
9.25	5.10368e-06	0
9.3	5.14093e-06	7.45064e-09
9.35	5.02917e-06	-4.47037e-08
9.4	5.14093e-06	-2.98025e-08
9.45	5.07387e-06	-1.49013e-08
9.5	4.99937e-06	-7.45064e-09
9.55	4.99937e-06	2.98025e-08
9.6	5.04407e-06	1.41562e-07
9.65	5.06642e-06	5.96051e-08
9.7	4.95467e-06	-4.47037e-08
9.75	4.96212e-06	-3.72531e-08
9.8	4.85036e-06	-2.23519e-08
9.85	4.84291e-06	1.49013e-08
9.9	4.8131e-06	1.49013e-08
9.95	4.71625e-06	2.23519e-08
10	4.7088e-06	3.72531e-08
10.05	4.70135e-06	7.45064e-09
10.1	4.58214e-06	2.98025e-08
10.15	4.44803e-06	2.98025e-08
10.2	4.47038e-06	-5.21543e-08
10.25	4.44803e-06	0
10.3	4.33627e-06	0
10.35	4.29156e-06	-1.49013e-08
10.4	4.32882e-06	0
10.45	4.44803e-06	1.11759e-07
10.5	4.29156e-06	2.23519e-08
10.55	4.36607e-06	1.49013e-08
10.6	4.35117e-06	1.04309e-07
10.65	4.29901e-06	2.23519e-08
10.7	4.29156e-06	-5.21543e-08
10.75	4.28411e-06	7.45064e-09
10.8	4.26176e-06	5.21543e-08
10.85	4.34372e-06	0
10.9	4.65664e-06	-5.96051e-08
10.95	4.46293e-06	-1.63914e-07
11	4.39587e-06	5.96051e-08
11.05	4.27666e-06	0
11.1	4.32137e-06	-6.70557e-08
11.15	4.30646e-06	-7.45064e-09
11.2	4.32137e-06	5.96051e-08
11.25	4.37352e-06	-7.45064e-09
11.3	4.43312e-06	4.47037e-08
11.35	4.28411e-06	0
11.4	4.34372e-06	-1.41562e-07
11.45	4.36607e-06	-5.96051e-08
11.5	4.42567e-06	5.96051e-08
11.55	4.44803e-06	-2.23519e-08
11.6	4.61939e-06	-1.49013e-08
11.65	4.59704e-06	-5.96051e-08
11.7	4.66409e-06	1.1921e-07
11.75	4.62684e-06	1.04309e-07
11.8	4.57469e-06	7.45064e-09
11.85	4.55978e-06	-4.47037e-07
11.9	4.36607e-06	-7.2271e-07
11.95	4.73115e-06	-2.16068e-07
12	4.7088e-06	-6.70557e-08
12.05	4.68644e-06	3.72531e-08
12.1	4.7386e-06	-6.70557e-08
12.15	4.76095e-06	6.70557e-08
12.2	4.98447e-06	-4.47037e-08
12.25	4.99937e-06	1.49013e-08
12.3	4.97702e-06	-2.23519e-08
12.35	4.96212e-06	-2.23519e-08
12.4	5.10368e-06	-1.26661e-07
12.45	5.12603e-06	0
12.5	5.15583e-06	2.23519e-08
12.55	5.13348e-06	-2.98025e-08
12.6	5.20053e-06	-9.6858e-08
12.65	5.12603e-06	-2.98025e-08
12.7	5.28249e-06	-1.49013e-08
12.75	5.26759e-06	-7.45064e-09
12.8	5.34955e-06	7.45063e-08
12.85	5.4613e-06	0
12.9	5.39425e-06	-2.23519e-08
12.95	5.4613e-06	7.45064e-09
13	5.4464e-06	2.23519e-08
13.05	5.49111e-06	3.72531e-08
13.1	5.55071e-06	0
13.15	5.55071e-06	9.6858e-08
13.2	5.62522e-06	2.23519e-08
13.25	5.63267e-06	-6.70557e-08
13.3	5.66992e-06	9.6858e-08
13.35	5.66247e-06	5.21543e-08
13.4	5.12603e-06	2.53322e-07
13.45	5.81893e-06	-8.94074e-08
13.5	5.77423e-06	1.41562e-07
13.55	5.88599e-06	-1.86265e-07
13.6	5.97539e-06	-1.41562e-07
13.65	5.84873e-06	-8.19568e-08
13.7	6.01265e-06	2.90574e-07
13.75	5.87854e-06	0
13.8	6.22126e-06	1.26661e-07
13.85	6.21381e-06	-3.05476e-07
13.9	6.13931e-06	-5.21543e-08
13.95	6.18401e-06	2.23519e-08
14	6.20636e-06	-7.45064e-09
14.05	6.39263e-06	-2.98025e-08
14.1	6.37773e-06	-6.70557e-08
14.15	6.34792e-06	-1.49013e-08
14.2	6.46713e-06	-7.45064e-09
14.25	6.45968e-06	-2.23519e-08
14.3	6.50439e-06	-5.21543e-08
14.35	6.48948e-06	-2.23519e-08
14.4	6.58634e-06	-1.11759e-07
14.45	6.69065e-06	-4.47037e-08
14.5	6.713e-06	0
14.55	6.6534e-06	3.72531e-08
14.6	6.63105e-06	0
14.65	6.75771e-06	-1.49013e-07
14.7	6.7428e-06	2.98025e-08
14.75	6.713e-06	-8.94074e-08
14.8	6.76516e-06	-3.72531e-08
14.85	6.55654e-06	-7.45064e-09
14.9	6.40753e-06	-1.49013e-08
14.95	6.51929e-06	-4.47037e-08
15	6.45968e-06	-4.47037e-08
