# srdc_volt_set	lockin2_X	lockin2_Y
# "volt"	"X"	"Y"
# 181
-8	2.49968e-05	-3.67688e-06
-7.9	2.4926e-05	-3.62845e-06
-7.8	2.49074e-05	-3.62472e-06
-7.7	2.49223e-05	-3.64335e-06
-7.6	2.47323e-05	-3.6061e-06
-7.5	2.46429e-05	-3.63217e-06
-7.4	2.45721e-05	-3.60982e-06
-7.3	2.43561e-05	-3.621e-06
-7.2	2.42294e-05	-3.54277e-06
-7.1	2.40916e-05	-3.51669e-06
-7	2.39463e-05	-3.49806e-06
-6.9	2.38643e-05	-3.47199e-06
-6.8	2.3693e-05	-3.44591e-06
-6.7	2.35514e-05	-3.44218e-06
-6.6	2.33912e-05	-3.42356e-06
-6.5	2.3123e-05	-3.40493e-06
-6.4	2.30187e-05	-3.4012e-06
-6.3	2.28138e-05	-3.23729e-06
-6.2	2.26648e-05	-3.22612e-06
-6.1	2.25717e-05	-3.23357e-06
-6	2.23034e-05	-3.19259e-06
-5.9	2.21432e-05	-3.14416e-06
-5.8	2.19048e-05	-3.12181e-06
-5.7	2.1767e-05	-3.04358e-06
-5.6	2.1577e-05	-3.0622e-06
-5.5	2.14056e-05	-3.0324e-06
-5.4	2.12454e-05	-2.94672e-06
-5.3	2.11523e-05	-2.89457e-06
-5.2	2.09586e-05	-2.88711e-06
-5.1	2.07202e-05	-2.87594e-06
-5	2.05749e-05	-2.87221e-06
-4.9	2.03924e-05	-2.83869e-06
-4.8	2.02657e-05	-2.80516e-06
-4.7	2.00757e-05	-2.72693e-06
-4.6	1.99304e-05	-2.7381e-06
-4.5	1.97777e-05	-2.7083e-06
-4.4	1.96324e-05	-2.71575e-06
-4.3	1.94797e-05	-2.6934e-06
-4.2	1.93642e-05	-2.65615e-06
-4.1	1.91928e-05	-2.61144e-06
-4	1.90513e-05	-2.56674e-06
-3.9	1.89134e-05	-2.56301e-06
-3.8	1.88017e-05	-2.53321e-06
-3.7	1.86862e-05	-2.43635e-06
-3.6	1.85558e-05	-2.48106e-06
-3.5	1.83881e-05	-2.4289e-06
-3.4	1.83248e-05	-2.45498e-06
-3.3	1.81497e-05	-2.3991e-06
-3.2	1.80491e-05	-2.3693e-06
-3.1	1.78741e-05	-2.37675e-06
-3	1.76841e-05	-2.3395e-06
-2.9	1.76803e-05	-2.28362e-06
-2.8	1.75239e-05	-2.28734e-06
-2.7	1.7427e-05	-2.25754e-06
-2.6	1.73562e-05	-2.25009e-06
-2.5	1.72445e-05	-2.21656e-06
-2.4	1.70992e-05	-2.23146e-06
-2.3	1.70284e-05	-2.18676e-06
-2.2	1.68943e-05	-2.17931e-06
-2.1	1.68608e-05	-2.17186e-06
-2	1.67416e-05	-2.12343e-06
-1.9	1.66596e-05	-2.09363e-06
-1.8	1.65926e-05	-2.10853e-06
-1.7	1.6492e-05	-2.1197e-06
-1.6	1.63988e-05	-2.08245e-06
-1.5	1.62349e-05	-2.04892e-06
-1.4	1.61865e-05	-2.075e-06
-1.3	1.60971e-05	-2.07128e-06
-1.2	1.60934e-05	-2.05637e-06
-1.1	1.60338e-05	-2.0303e-06
-1	1.59593e-05	-1.98187e-06
-0.899999999999999	1.58214e-05	-2.02285e-06
-0.8	1.57134e-05	-2.00795e-06
-0.699999999999999	1.57022e-05	-2.02657e-06
-0.6	1.56277e-05	-1.97069e-06
-0.5	1.56054e-05	-1.97442e-06
-0.399999999999999	1.55383e-05	-1.93717e-06
-0.3	1.54526e-05	-1.93344e-06
-0.199999999999999	1.53818e-05	-1.96697e-06
-0.0999999999999996	1.53371e-05	-1.91481e-06
0	1.5229e-05	-1.90363e-06
0.0999999999999996	1.52477e-05	-1.92226e-06
0.200000000000001	1.51769e-05	-1.8701e-06
0.300000000000001	1.51061e-05	-1.885e-06
0.4	1.50875e-05	-1.86638e-06
0.5	1.50018e-05	-1.82167e-06
0.6	1.49608e-05	-1.89618e-06
0.700000000000001	1.49571e-05	-1.82167e-06
0.800000000000001	1.48453e-05	-1.8701e-06
0.9	1.48491e-05	-1.8701e-06
1	1.47857e-05	-1.8254e-06
1.1	1.4782e-05	-1.81795e-06
1.2	1.47075e-05	-1.80305e-06
1.3	1.46963e-05	-1.81795e-06
1.4	1.46442e-05	-1.80305e-06
1.5	1.46479e-05	-1.82912e-06
1.6	1.45846e-05	-1.7956e-06
1.7	1.4525e-05	-1.79187e-06
1.8	1.44765e-05	-1.79187e-06
1.9	1.44654e-05	-1.75834e-06
2	1.45212e-05	-1.77325e-06
2.1	1.44393e-05	-1.76579e-06
2.2	1.44654e-05	-1.77697e-06
2.3	1.44393e-05	-1.76579e-06
2.4	1.44393e-05	-1.81795e-06
2.5	1.4443e-05	-1.75462e-06
2.6	1.44244e-05	-1.7956e-06
2.7	1.44318e-05	-1.77697e-06
2.8	1.43648e-05	-1.8105e-06
2.9	1.43611e-05	-1.8105e-06
3	1.44058e-05	-1.77325e-06
3.1	1.43797e-05	-1.79932e-06
3.2	1.44765e-05	-1.77697e-06
3.3	1.43909e-05	-1.75089e-06
3.4	1.44654e-05	-1.82912e-06
3.5	1.44356e-05	-1.82167e-06
3.6	1.44542e-05	-1.80677e-06
3.7	1.45026e-05	-1.80677e-06
3.8	1.45324e-05	-1.79932e-06
3.9	1.45548e-05	-1.83658e-06
4	1.46144e-05	-1.8254e-06
4.1	1.46516e-05	-1.8254e-06
4.2	1.46889e-05	-1.87383e-06
4.3	1.47597e-05	-1.87755e-06
4.4	1.48416e-05	-1.91481e-06
4.5	1.48751e-05	-1.87383e-06
4.6	1.4972e-05	-1.93344e-06
4.7	1.50838e-05	-1.92599e-06
4.8	1.52179e-05	-1.90363e-06
4.9	1.52962e-05	-2.00795e-06
5	1.54377e-05	-2.01912e-06
5.1	1.54638e-05	-2.04892e-06
5.2	1.55122e-05	-2.02657e-06
5.3	1.56799e-05	-2.0601e-06
5.4	1.58699e-05	-2.075e-06
5.5	1.59742e-05	-2.14578e-06
5.6	1.62014e-05	-2.14578e-06
5.7	1.63392e-05	-2.21284e-06
5.8	1.64361e-05	-2.24636e-06
5.9	1.65926e-05	-2.30597e-06
6	1.67006e-05	-2.31715e-06
6.1	1.698e-05	-2.31715e-06
6.2	1.71476e-05	-2.38048e-06
6.3	1.73488e-05	-2.42518e-06
6.4	1.75313e-05	-2.50341e-06
6.5	1.7807e-05	-2.56674e-06
6.6	1.80417e-05	-2.59282e-06
6.7	1.82689e-05	-2.64125e-06
6.8	1.85297e-05	-2.71575e-06
6.9	1.87681e-05	-2.72693e-06
7	1.9055e-05	-2.80888e-06
7.1	1.94201e-05	-2.87221e-06
7.2	1.97628e-05	-2.95044e-06
7.3	2.01204e-05	-3.09946e-06
7.4	2.05302e-05	-3.09573e-06
7.5	2.09213e-05	-3.27827e-06
7.6	2.1279e-05	-3.3565e-06
7.7	2.17856e-05	-3.48689e-06
7.8	2.22662e-05	-3.58002e-06
7.9	2.28771e-05	-3.68433e-06
8	2.34843e-05	-3.79236e-06
8.1	2.41176e-05	-3.98609e-06
8.2	2.47323e-05	-4.18726e-06
8.3	2.54699e-05	-4.39215e-06
8.4	2.60362e-05	-4.54116e-06
8.5	2.68557e-05	-4.83546e-06
8.6	2.77386e-05	-5.05525e-06
8.7	2.86066e-05	-5.26386e-06
8.8	2.95528e-05	-5.54699e-06
8.9	3.05513e-05	-5.93442e-06
9	3.15981e-05	-6.15793e-06
9.1	3.27902e-05	-6.59007e-06
9.2	3.39786e-05	-6.89927e-06
9.3	3.52154e-05	-7.40218e-06
9.4	3.66012e-05	-7.81944e-06
9.5	3.80243e-05	-8.3e-06
9.6	3.96336e-05	-8.8141e-06
9.7	4.11423e-05	-9.4623e-06
9.8	4.27442e-05	-1.00919e-05
9.9	4.42865e-05	-1.07289e-05
10	4.58772e-05	-1.14106e-05
