# srdc_volt_set	lockin1_X	lockin1_Y	lockin2_X	lockin2_Y
# "volt"	"X"	"Y"	"X"	"Y"
# 641
-8	1.29343e-05	-1.78815e-06	2.14578e-06	-3.5763e-07
-7.975	1.38879e-05	-1.90736e-06	2.26499e-06	-3.5763e-07
-7.95	1.4782e-05	-2.08618e-06	2.26499e-06	-3.5763e-07
-7.925	1.59742e-05	-2.20539e-06	2.26499e-06	-4.17234e-07
-7.9	1.72855e-05	-2.4438e-06	2.3842e-06	-3.5763e-07
-7.875	1.87756e-05	-2.74183e-06	2.3842e-06	-4.17234e-07
-7.85	2.08021e-05	-3.09946e-06	2.50341e-06	-4.17234e-07
-7.825	2.31863e-05	-3.45708e-06	2.56301e-06	-4.17234e-07
-7.8	2.62262e-05	-4.05314e-06	2.56301e-06	-4.17234e-07
-7.775	3.05178e-05	-4.82801e-06	2.62262e-06	-4.76841e-07
-7.75	3.64187e-05	-5.90089e-06	2.68222e-06	-4.76841e-07
-7.725	4.375e-05	-7.39101e-06	2.74183e-06	-4.76841e-07
-7.7	5.33464e-05	-9.11957e-06	2.80143e-06	-4.76841e-07
-7.675	6.74133e-05	-1.23382e-05	2.86104e-06	-4.76841e-07
-7.65	9.07783e-05	-1.81795e-05	2.92064e-06	-5.36445e-07
-7.625	0.000136853	-3.17695e-05	2.98025e-06	-6.55655e-07
-7.6	0.000224532	-6.5804e-05	3.03985e-06	-7.15259e-07
-7.575	0.000380935	-0.000160814	3.15906e-06	-1.01329e-06
-7.55	0.000608806	-0.000398578	3.27827e-06	-1.37091e-06
-7.525	0.000818674	-0.0010922	2.98025e-06	-1.90736e-06
-7.5	0.000752214	-0.0010922	2.68222e-06	-2.08618e-06
-7.475	0.000653569	-0.0010922	2.4438e-06	-2.08618e-06
-7.45	0.000607196	-0.0010922	2.3246e-06	-1.90736e-06
-7.425	0.000676934	-0.0010922	2.50341e-06	-1.84775e-06
-7.4	0.000777308	-0.0010922	3.09946e-06	-2.08618e-06
-7.375	0.000717703	-0.0010922	3.09946e-06	-2.20539e-06
-7.35	0.000769977	-0.00104559	3.51669e-06	-2.3842e-06
-7.325	0.000764135	-0.000962082	3.6955e-06	-2.3842e-06
-7.3	0.000714127	-0.000731651	4.11275e-06	-2.3246e-06
-7.275	0.000656668	-0.000597719	4.23196e-06	-2.20539e-06
-7.25	0.000604872	-0.000495974	4.58959e-06	-2.26499e-06
-7.225	0.000649933	-0.000577811	4.7684e-06	-2.62262e-06
-7.2	0.000615243	-0.000510577	5.42405e-06	-2.86104e-06
-7.175	0.000551347	-0.000406327	6.0201e-06	-3.03985e-06
-7.15	0.000513557	-0.000339868	6.85456e-06	-3.33787e-06
-7.125	0.000561181	-0.000400307	7.21219e-06	-3.6955e-06
-7.1	0.00062627	-0.000488941	7.74866e-06	-4.11275e-06
-7.075	0.000682537	-0.000578884	7.80827e-06	-4.29156e-06
-7.05	0.000721637	-0.000660364	7.98708e-06	-4.41077e-06
-7.025	0.000784878	-0.00091118	7.74866e-06	-4.52998e-06
-7	0.000730339	-0.000688616	1.03117e-05	-5.84128e-06
-6.975	0.000671092	-0.000577036	1.16826e-05	-5.90089e-06
-6.95	0.000591699	-0.000434102	1.10865e-05	-4.17235e-06
-6.925	0.000622634	-0.000477554	1.26362e-05	-4.41077e-06
-6.9	0.000711087	-0.000646655	1.46032e-05	-4.11275e-06
-6.875	0.000687484	-0.000592355	2.2173e-05	-4.7684e-06
-6.85	0.000544552	-0.000420453	7.08704e-05	-2.08618e-06
-6.825	0.000369431	-0.000460805	0.000400903	-0.000153602
-6.8	0.000327172	-0.0003621	0.000291469	-2.49149e-05
-6.775	0.000395717	-0.000624422	0.000431897	-0.000110269
-6.75	0.000306608	-0.00047815	0.000459732	-0.00010562
-6.725	0.0002476	-0.000248017	0.0002988	-5.09622e-05
-6.7	0.000152946	-0.000151278	0.00030339	-6.74729e-05
-6.675	6.53868e-05	-0.000134409	0.00045556	-0.000137211
-6.65	6.97975e-05	-0.000121296	0.000453295	-0.000155629
-6.625	7.77845e-05	-0.000108839	0.00046015	-0.000182987
-6.6	6.71749e-05	-0.000103653	0.000433387	-0.000154735
-6.575	9.10764e-05	-8.07052e-05	0.000346841	-0.000127495
-6.55	9.85865e-05	-6.77709e-05	0.000388088	-0.000178338
-6.525	9.99575e-05	-6.46715e-05	0.00034106	-0.000150205
-6.5	8.12416e-05	-6.83074e-05	0.000431599	-0.000211061
-6.475	6.45523e-05	-7.40294e-05	0.000638787	-0.00043148
-6.45	4.20811e-05	-7.11088e-05	0.000865761	-0.000972692
-6.425	3.02793e-05	-7.00359e-05	0.000886921	-0.0010922
-6.4	3.40941e-05	-6.87842e-05	0.000893239	-0.0010922
-6.375	4.18427e-05	-7.42082e-05	0.000887278	-0.000914756
-6.35	6.22873e-05	-7.10492e-05	0.000638727	-0.000392022
-6.325	7.08704e-05	-6.92611e-05	0.000435235	-0.000186861
-6.3	6.81882e-05	-7.15856e-05	0.000476183	-0.000216127
-6.275	7.96919e-05	-6.22873e-05	0.000427188	-0.000190378
-6.25	8.52351e-05	-5.79956e-05	0.0004164	-0.00018859
-6.225	8.45795e-05	-5.79359e-05	0.0004074	-0.000181199
-6.2	8.99439e-05	-5.42405e-05	0.00035006	-0.000145794
-6.175	9.76925e-05	-4.81608e-05	0.000240625	-8.71425e-05
-6.15	9.64408e-05	-4.67303e-05	0.000234366	-8.49371e-05
-6.125	9.13744e-05	-4.71475e-05	0.000277998	-0.000109613
-6.1	9.09572e-05	-4.73263e-05	0.000256123	-9.59043e-05
-6.075	9.23877e-05	-4.44653e-05	0.000239492	-8.9467e-05
-6.05	9.1136e-05	-4.35116e-05	0.000255169	-9.89442e-05
-6.025	9.14936e-05	-4.19619e-05	0.000250818	-9.51295e-05
-6	9.22685e-05	-4.00546e-05	0.000254991	-9.38778e-05
-5.975	8.98843e-05	-3.97565e-05	0.000283362	-0.0001086
-5.95	8.9169e-05	-3.98161e-05	0.000287535	-0.000112594
-5.925	8.54139e-05	-3.95777e-05	0.000326933	-0.000135363
-5.9	8.32682e-05	-3.76108e-05	0.000323655	-0.00013286
-5.875	8.0884e-05	-3.67167e-05	0.000341835	-0.000142456
-5.85	7.89766e-05	-3.60014e-05	0.000363411	-0.000153006
-5.825	7.50427e-05	-3.49286e-05	0.000400307	-0.000174404
-5.8	7.47447e-05	-3.18887e-05	0.000344755	-0.000138105
-5.775	7.27777e-05	-2.78355e-05	0.000278296	-9.98382e-05
-5.75	7.04532e-05	-2.49149e-05	0.000230611	-7.62348e-05
-5.725	6.69365e-05	-2.33055e-05	0.000228823	-7.48043e-05
-5.7	6.28834e-05	-2.25307e-05	0.000258567	-8.78577e-05
-5.675	6.00221e-05	-2.14578e-05	0.000269117	-9.19108e-05
-5.65	5.79956e-05	-2.02061e-05	0.000260593	-8.6904e-05
-5.625	5.59094e-05	-1.84776e-05	0.000240267	-7.64136e-05
-5.6	5.29292e-05	-1.69874e-05	0.000234843	-7.26585e-05
-5.575	5.07834e-05	-1.62126e-05	0.000240744	-7.42082e-05
-5.55	4.93529e-05	-1.56165e-05	0.000236929	-7.26585e-05
-5.525	4.66707e-05	-1.49012e-05	0.00024605	-7.6354e-05
-5.5	4.50613e-05	-1.36495e-05	0.000225008	-6.66385e-05
-5.475	4.36904e-05	-1.29343e-05	0.000219465	-6.37178e-05
-5.45	4.23791e-05	-1.20998e-05	0.000204683	-5.73399e-05
-5.425	4.14255e-05	-1.13845e-05	0.000182868	-4.8876e-05
-5.4	4.03526e-05	-1.06097e-05	0.000164689	-4.24387e-05
-5.375	3.89221e-05	-9.83482e-06	0.000141502	-3.4869e-05
-5.35	3.77896e-05	-9.23878e-06	0.000123859	-2.96236e-05
-5.325	3.67167e-05	-8.64273e-06	0.000105858	-2.4438e-05
-5.3	3.55842e-05	-8.2255e-06	9.11956e-05	-2.06829e-05
-5.275	3.46305e-05	-7.80827e-06	7.64136e-05	-1.68086e-05
-5.25	3.36173e-05	-7.45061e-06	6.65789e-05	-1.44244e-05
-5.225	3.25444e-05	-7.03338e-06	5.80552e-05	-1.23978e-05
-5.2	3.14119e-05	-6.79496e-06	5.15583e-05	-1.09077e-05
-5.175	3.03389e-05	-6.43733e-06	4.57766e-05	-9.5368e-06
-5.15	2.91468e-05	-6.19891e-06	4.0889e-05	-8.58313e-06
-5.125	2.79547e-05	-5.96049e-06	3.69551e-05	-7.74866e-06
-5.1	2.68222e-05	-5.78168e-06	3.36173e-05	-6.97377e-06
-5.075	2.58089e-05	-5.42405e-06	3.07562e-05	-6.43733e-06
-5.05	2.47956e-05	-5.18563e-06	2.86103e-05	-5.90089e-06
-5.025	2.40208e-05	-4.94721e-06	2.68222e-05	-5.48366e-06
-5	2.32459e-05	-4.64919e-06	2.50937e-05	-5.00682e-06
-4.975	2.25903e-05	-4.41077e-06	2.3544e-05	-4.58959e-06
-4.95	2.19942e-05	-4.17235e-06	2.22326e-05	-4.17235e-06
-4.925	2.13982e-05	-3.93394e-06	2.10406e-05	-3.81473e-06
-4.9	2.0981e-05	-3.75511e-06	2.00273e-05	-3.57629e-06
-4.875	2.06829e-05	-3.6359e-06	1.9014e-05	-3.33787e-06
-4.85	2.04445e-05	-3.51669e-06	1.80603e-05	-3.09946e-06
-4.825	2.02061e-05	-3.51669e-06	1.72259e-05	-2.98025e-06
-4.8	2.00869e-05	-3.45708e-06	1.63914e-05	-2.80143e-06
-4.775	2.01465e-05	-3.39748e-06	1.57357e-05	-2.68222e-06
-4.75	2.00869e-05	-3.45708e-06	1.51992e-05	-2.62262e-06
-4.725	2.02061e-05	-3.45708e-06	1.47224e-05	-2.50341e-06
-4.7	2.03849e-05	-3.45708e-06	1.4186e-05	-2.4438e-06
-4.675	2.05637e-05	-3.45708e-06	1.37687e-05	-2.3246e-06
-4.65	2.08021e-05	-3.45708e-06	1.33515e-05	-2.20539e-06
-4.625	2.11598e-05	-3.45708e-06	1.30535e-05	-2.20539e-06
-4.6	2.1577e-05	-3.51669e-06	1.26958e-05	-2.08618e-06
-4.575	2.20538e-05	-3.57629e-06	1.23978e-05	-2.02657e-06
-4.55	2.26499e-05	-3.75511e-06	1.20402e-05	-2.02657e-06
-4.525	2.31863e-05	-3.81473e-06	1.18614e-05	-1.96697e-06
-4.5	2.3842e-05	-4.11275e-06	1.15634e-05	-2.02657e-06
-4.475	2.45572e-05	-4.35117e-06	1.13249e-05	-2.02657e-06
-4.45	2.52725e-05	-4.7088e-06	1.10269e-05	-2.08618e-06
-4.425	2.6107e-05	-5.00682e-06	1.08481e-05	-2.08618e-06
-4.4	2.71202e-05	-5.30484e-06	1.06693e-05	-2.14578e-06
-4.375	2.80739e-05	-5.54326e-06	1.05501e-05	-2.08618e-06
-4.35	2.92064e-05	-5.60287e-06	1.03713e-05	-2.08618e-06
-4.325	3.03389e-05	-5.78168e-06	1.03117e-05	-1.96697e-06
-4.3	3.14715e-05	-5.90089e-06	1.01925e-05	-1.96697e-06
-4.275	3.25444e-05	-6.0201e-06	1.01925e-05	-1.84775e-06
-4.25	3.3498e-05	-6.0797e-06	1.00732e-05	-1.84775e-06
-4.225	3.43921e-05	-6.13931e-06	1.00136e-05	-1.78815e-06
-4.2	3.5167e-05	-6.25852e-06	9.95403e-06	-1.78815e-06
-4.175	3.58226e-05	-6.37773e-06	9.89443e-06	-1.78815e-06
-4.15	3.64187e-05	-6.55654e-06	9.89443e-06	-1.72854e-06
-4.125	3.67763e-05	-6.61614e-06	9.77522e-06	-1.78815e-06
-4.1	3.68955e-05	-6.67575e-06	9.77522e-06	-1.78815e-06
-4.075	3.69551e-05	-6.67575e-06	9.71562e-06	-1.78815e-06
-4.05	3.65975e-05	-6.55654e-06	9.71562e-06	-1.72854e-06
-4.025	3.61206e-05	-6.55654e-06	9.65601e-06	-1.72854e-06
-4	3.53458e-05	-6.55654e-06	9.59641e-06	-1.78815e-06
-3.975	3.46305e-05	-6.61614e-06	9.59641e-06	-1.84775e-06
-3.95	3.39153e-05	-6.49694e-06	9.59641e-06	-1.78815e-06
-3.925	3.30212e-05	-6.37773e-06	9.5368e-06	-1.84775e-06
-3.9	3.20079e-05	-6.19891e-06	9.4772e-06	-1.90736e-06
-3.875	3.11139e-05	-6.0797e-06	9.4772e-06	-1.84775e-06
-3.85	3.02793e-05	-5.90089e-06	9.4772e-06	-1.90736e-06
-3.825	2.94448e-05	-5.60287e-06	9.4772e-06	-1.78815e-06
-3.8	2.86103e-05	-5.42405e-06	9.4772e-06	-1.78815e-06
-3.775	2.77163e-05	-5.24524e-06	9.4772e-06	-1.84775e-06
-3.75	2.68222e-05	-5.12603e-06	9.4772e-06	-1.84775e-06
-3.725	2.59877e-05	-5.00682e-06	9.41759e-06	-1.84775e-06
-3.7	2.51533e-05	-4.88761e-06	9.4772e-06	-1.84775e-06
-3.675	2.43784e-05	-4.7088e-06	9.41759e-06	-1.84775e-06
-3.65	2.3544e-05	-4.58959e-06	9.41759e-06	-1.90736e-06
-3.625	2.29479e-05	-4.41077e-06	9.4772e-06	-1.84775e-06
-3.6	2.22923e-05	-4.41077e-06	9.4772e-06	-1.90736e-06
-3.575	2.16962e-05	-4.29156e-06	9.41759e-06	-1.90736e-06
-3.55	2.11002e-05	-4.23196e-06	9.41759e-06	-1.90736e-06
-3.525	2.05637e-05	-4.11275e-06	9.41759e-06	-1.90736e-06
-3.5	2.00869e-05	-4.11275e-06	9.35799e-06	-1.90736e-06
-3.475	1.961e-05	-4.05314e-06	9.29838e-06	-1.96697e-06
-3.45	1.91928e-05	-3.93394e-06	9.17917e-06	-1.96697e-06
-3.425	1.87756e-05	-3.93394e-06	9.11957e-06	-1.96697e-06
-3.4	1.83583e-05	-3.87433e-06	9.05996e-06	-1.90736e-06
-3.375	1.80007e-05	-3.81473e-06	8.88115e-06	-1.96697e-06
-3.35	1.76431e-05	-3.75511e-06	8.82155e-06	-1.90736e-06
-3.325	1.74047e-05	-3.57629e-06	8.76194e-06	-1.84775e-06
-3.3	1.71663e-05	-3.45708e-06	8.58313e-06	-1.78815e-06
-3.275	1.69874e-05	-3.33787e-06	8.52352e-06	-1.66894e-06
-3.25	1.68086e-05	-3.21867e-06	8.34471e-06	-1.60933e-06
-3.225	1.66298e-05	-3.09946e-06	8.2255e-06	-1.54973e-06
-3.2	1.65106e-05	-2.92064e-06	8.04669e-06	-1.49012e-06
-3.175	1.63914e-05	-2.92064e-06	7.92748e-06	-1.37091e-06
-3.15	1.62722e-05	-2.86104e-06	7.80827e-06	-1.37091e-06
-3.125	1.62126e-05	-2.80143e-06	7.68906e-06	-1.37091e-06
-3.1	1.6153e-05	-2.74183e-06	7.51021e-06	-1.37091e-06
-3.075	1.6153e-05	-2.74183e-06	7.39101e-06	-1.31131e-06
-3.05	1.60338e-05	-2.74183e-06	7.21219e-06	-1.31131e-06
-3.025	1.59742e-05	-2.86104e-06	7.15259e-06	-1.31131e-06
-3	1.59146e-05	-2.92064e-06	6.97377e-06	-1.31131e-06
-2.975	1.5855e-05	-2.98025e-06	6.85456e-06	-1.37091e-06
-2.95	1.57953e-05	-3.15906e-06	6.67575e-06	-1.37091e-06
-2.925	1.57953e-05	-3.33787e-06	6.55654e-06	-1.49012e-06
-2.9	1.56165e-05	-3.45708e-06	6.43733e-06	-1.49012e-06
-2.875	1.56165e-05	-3.51669e-06	6.37773e-06	-1.49012e-06
-2.85	1.56761e-05	-3.57629e-06	6.25852e-06	-1.49012e-06
-2.825	1.56761e-05	-3.51669e-06	6.19891e-06	-1.49012e-06
-2.8	1.56761e-05	-3.51669e-06	6.0797e-06	-1.37091e-06
-2.775	1.57357e-05	-3.33787e-06	6.0201e-06	-1.31131e-06
-2.75	1.56761e-05	-3.39748e-06	6.0201e-06	-1.31131e-06
-2.725	1.56165e-05	-3.39748e-06	5.90089e-06	-1.37091e-06
-2.7	1.55569e-05	-3.39748e-06	5.84128e-06	-1.31131e-06
-2.675	1.56165e-05	-3.39748e-06	5.78168e-06	-1.31131e-06
-2.65	1.54973e-05	-3.45708e-06	5.72208e-06	-1.31131e-06
-2.625	1.53781e-05	-3.45708e-06	5.66247e-06	-1.31131e-06
-2.6	1.51992e-05	-3.39748e-06	5.66247e-06	-1.2517e-06
-2.575	1.50204e-05	-3.33787e-06	5.54326e-06	-1.31131e-06
-2.55	1.48416e-05	-3.33787e-06	5.54326e-06	-1.31131e-06
-2.525	1.47224e-05	-3.21867e-06	5.48366e-06	-1.2517e-06
-2.5	1.4484e-05	-3.27827e-06	5.48366e-06	-1.2517e-06
-2.475	1.42456e-05	-3.21867e-06	5.42405e-06	-1.31131e-06
-2.45	1.40071e-05	-3.15906e-06	5.36445e-06	-1.2517e-06
-2.425	1.37091e-05	-3.09946e-06	5.36445e-06	-1.2517e-06
-2.4	1.34111e-05	-2.98025e-06	5.36445e-06	-1.1921e-06
-2.375	1.29939e-05	-3.03985e-06	5.24524e-06	-1.31131e-06
-2.35	1.25766e-05	-2.98025e-06	5.24524e-06	-1.31131e-06
-2.325	1.2219e-05	-2.92064e-06	5.18563e-06	-1.31131e-06
-2.3	1.18018e-05	-2.86104e-06	5.18563e-06	-1.31131e-06
-2.275	1.14442e-05	-2.68222e-06	5.12603e-06	-1.2517e-06
-2.25	1.11461e-05	-2.50341e-06	5.12603e-06	-1.2517e-06
-2.225	1.07885e-05	-2.3246e-06	5.12603e-06	-1.1921e-06
-2.2	1.04309e-05	-2.20539e-06	5.00682e-06	-1.1325e-06
-2.175	1.00732e-05	-2.14578e-06	5.00682e-06	-1.1921e-06
-2.15	9.71562e-06	-2.08618e-06	4.94721e-06	-1.1325e-06
-2.125	9.35799e-06	-1.96697e-06	4.88761e-06	-1.07289e-06
-2.1	9.00036e-06	-1.96697e-06	4.88761e-06	-1.1325e-06
-2.075	8.64273e-06	-1.96697e-06	4.7684e-06	-1.1921e-06
-2.05	8.2851e-06	-1.90736e-06	4.7088e-06	-1.1921e-06
-2.025	7.98708e-06	-1.90736e-06	4.64919e-06	-1.1921e-06
-2	7.80827e-06	-1.78815e-06	4.58959e-06	-1.1921e-06
-1.975	7.56982e-06	-1.66894e-06	4.58959e-06	-1.07289e-06
-1.95	7.2718e-06	-1.60933e-06	4.52998e-06	-1.01329e-06
-1.925	7.09298e-06	-1.60933e-06	4.47038e-06	-1.01329e-06
-1.9	6.91417e-06	-1.54973e-06	4.41077e-06	-1.01329e-06
-1.875	6.73535e-06	-1.54973e-06	4.35117e-06	-1.01329e-06
-1.85	6.55654e-06	-1.43052e-06	4.23196e-06	-9.53682e-07
-1.825	6.43733e-06	-1.37091e-06	4.23196e-06	-9.53682e-07
-1.8	6.31812e-06	-1.31131e-06	4.11275e-06	-8.94073e-07
-1.775	6.19891e-06	-1.31131e-06	4.05314e-06	-9.53682e-07
-1.75	6.0201e-06	-1.31131e-06	3.99354e-06	-9.53682e-07
-1.725	5.96049e-06	-1.37091e-06	3.87433e-06	-9.53682e-07
-1.7	5.78168e-06	-1.31131e-06	3.87433e-06	-9.53682e-07
-1.675	5.72208e-06	-1.31131e-06	3.81473e-06	-9.53682e-07
-1.65	5.66247e-06	-1.37091e-06	3.75511e-06	-9.53682e-07
-1.625	5.60287e-06	-1.37091e-06	3.6955e-06	-9.53682e-07
-1.6	5.54326e-06	-1.37091e-06	3.6359e-06	-9.53682e-07
-1.575	5.48366e-06	-1.37091e-06	3.57629e-06	-9.53682e-07
-1.55	5.42405e-06	-1.37091e-06	3.57629e-06	-9.53682e-07
-1.525	5.42405e-06	-1.31131e-06	3.57629e-06	-8.94073e-07
-1.5	5.48366e-06	-1.31131e-06	3.57629e-06	-9.53682e-07
-1.475	5.48366e-06	-1.31131e-06	3.57629e-06	-8.34469e-07
-1.45	5.48366e-06	-1.1921e-06	3.57629e-06	-8.34469e-07
-1.425	5.48366e-06	-1.1921e-06	3.57629e-06	-8.34469e-07
-1.4	5.54326e-06	-1.1921e-06	3.51669e-06	-7.74864e-07
-1.375	5.54326e-06	-1.1325e-06	3.57629e-06	-7.74864e-07
-1.35	5.54326e-06	-1.1921e-06	3.51669e-06	-7.15259e-07
-1.325	5.54326e-06	-1.2517e-06	3.51669e-06	-8.34469e-07
-1.3	5.54326e-06	-1.37091e-06	3.45708e-06	-9.53682e-07
-1.275	5.48366e-06	-1.54973e-06	3.45708e-06	-9.53682e-07
-1.25	5.48366e-06	-1.54973e-06	3.39748e-06	-1.01329e-06
-1.225	5.54326e-06	-1.54973e-06	3.39748e-06	-1.01329e-06
-1.2	5.54326e-06	-1.54973e-06	3.39748e-06	-1.01329e-06
-1.175	5.60287e-06	-1.60933e-06	3.45708e-06	-1.01329e-06
-1.15	5.72208e-06	-1.54973e-06	3.51669e-06	-1.01329e-06
-1.125	5.84128e-06	-1.49012e-06	3.51669e-06	-9.53682e-07
-1.1	5.96049e-06	-1.43052e-06	3.57629e-06	-9.53682e-07
-1.075	6.0797e-06	-1.31131e-06	3.6359e-06	-8.34469e-07
-1.05	6.13931e-06	-1.31131e-06	3.6955e-06	-8.34469e-07
-1.025	6.19891e-06	-1.31131e-06	3.75511e-06	-8.34469e-07
-1	6.25852e-06	-1.37091e-06	3.75511e-06	-8.34469e-07
-0.975	6.37773e-06	-1.37091e-06	3.81473e-06	-8.94073e-07
-0.949999999999999	6.43733e-06	-1.43052e-06	3.81473e-06	-9.53682e-07
-0.925	6.55654e-06	-1.54973e-06	3.87433e-06	-1.01329e-06
-0.899999999999999	6.61614e-06	-1.60933e-06	3.99354e-06	-1.01329e-06
-0.875	6.73535e-06	-1.66894e-06	3.99354e-06	-1.01329e-06
-0.85	6.79496e-06	-1.66894e-06	4.11275e-06	-1.07289e-06
-0.824999999999999	6.91417e-06	-1.66894e-06	4.23196e-06	-1.07289e-06
-0.8	7.09298e-06	-1.66894e-06	4.35117e-06	-1.07289e-06
-0.774999999999999	7.21219e-06	-1.78815e-06	4.41077e-06	-1.1325e-06
-0.75	7.3314e-06	-1.78815e-06	4.52998e-06	-1.1921e-06
-0.725	7.45061e-06	-1.84775e-06	4.64919e-06	-1.2517e-06
-0.699999999999999	7.62945e-06	-1.84775e-06	4.82801e-06	-1.2517e-06
-0.675	7.80827e-06	-1.90736e-06	4.94721e-06	-1.2517e-06
-0.649999999999999	7.98708e-06	-1.90736e-06	5.12603e-06	-1.37091e-06
-0.625	8.2255e-06	-1.96697e-06	5.36445e-06	-1.31131e-06
-0.6	8.46392e-06	-2.02657e-06	5.48366e-06	-1.37091e-06
-0.574999999999999	8.76194e-06	-2.08618e-06	5.72208e-06	-1.43052e-06
-0.55	9.00036e-06	-2.14578e-06	5.96049e-06	-1.49012e-06
-0.524999999999999	9.29838e-06	-2.14578e-06	6.19891e-06	-1.54973e-06
-0.5	9.59641e-06	-2.26499e-06	6.37773e-06	-1.60933e-06
-0.475	9.89443e-06	-2.3842e-06	6.61614e-06	-1.66894e-06
-0.449999999999999	1.02521e-05	-2.4438e-06	6.97377e-06	-1.72854e-06
-0.425	1.06693e-05	-2.56301e-06	7.2718e-06	-1.78815e-06
-0.399999999999999	1.11461e-05	-2.68222e-06	7.62945e-06	-1.90736e-06
-0.375	1.15634e-05	-2.68222e-06	7.98708e-06	-1.90736e-06
-0.35	1.20998e-05	-2.68222e-06	8.34471e-06	-1.90736e-06
-0.324999999999999	1.26958e-05	-2.74183e-06	8.82155e-06	-2.02657e-06
-0.3	1.33515e-05	-2.80143e-06	9.29838e-06	-2.08618e-06
-0.274999999999999	1.40071e-05	-2.92064e-06	9.71562e-06	-2.08618e-06
-0.25	1.48416e-05	-3.03985e-06	1.01925e-05	-2.20539e-06
-0.225	1.57357e-05	-3.21867e-06	1.07885e-05	-2.3246e-06
-0.199999999999999	1.68086e-05	-3.45708e-06	1.13845e-05	-2.3842e-06
-0.175	1.80603e-05	-3.6955e-06	1.19806e-05	-2.56301e-06
-0.149999999999999	1.94908e-05	-4.17235e-06	1.26958e-05	-2.80143e-06
-0.125	2.10406e-05	-4.7684e-06	1.33515e-05	-3.15906e-06
-0.0999999999999996	2.28883e-05	-5.54326e-06	1.41264e-05	-3.57629e-06
-0.0749999999999993	2.50341e-05	-6.43733e-06	1.49608e-05	-3.93394e-06
-0.0499999999999998	2.77759e-05	-7.45061e-06	1.59742e-05	-4.47038e-06
-0.0249999999999995	3.11735e-05	-8.70234e-06	1.7047e-05	-4.88761e-06
0	3.49286e-05	-1.00136e-05	1.82987e-05	-5.42405e-06
0.0250000000000004	3.89817e-05	-1.1623e-05	1.95504e-05	-5.90089e-06
0.0500000000000007	4.24387e-05	-1.30535e-05	2.03253e-05	-6.43733e-06
0.0750000000000011	4.51209e-05	-1.4186e-05	2.03849e-05	-6.43733e-06
0.0999999999999996	4.35116e-05	-1.39475e-05	2.01465e-05	-6.61614e-06
0.125	3.87433e-05	-1.26362e-05	1.97293e-05	-6.61614e-06
0.15	3.36173e-05	-1.12057e-05	1.90736e-05	-6.55654e-06
0.175000000000001	2.89084e-05	-9.83482e-06	1.81199e-05	-6.31812e-06
0.200000000000001	2.51533e-05	-8.58313e-06	1.72259e-05	-6.0201e-06
0.225	2.21134e-05	-7.56982e-06	1.63914e-05	-5.78168e-06
0.25	1.96696e-05	-6.79496e-06	1.56165e-05	-5.54326e-06
0.275	1.77623e-05	-6.13931e-06	1.48416e-05	-5.30484e-06
0.300000000000001	1.63914e-05	-5.54326e-06	1.43648e-05	-5.00682e-06
0.325000000000001	1.51992e-05	-5.06642e-06	1.37687e-05	-4.7684e-06
0.35	1.42456e-05	-4.7684e-06	1.31131e-05	-4.58959e-06
0.375	1.35303e-05	-4.47038e-06	1.2517e-05	-4.35117e-06
0.4	1.28747e-05	-4.11275e-06	1.20402e-05	-3.93394e-06
0.425000000000001	1.23978e-05	-3.75511e-06	1.15634e-05	-3.6359e-06
0.450000000000001	1.19806e-05	-3.45708e-06	1.10865e-05	-3.27827e-06
0.475	1.15038e-05	-3.21867e-06	1.06097e-05	-3.03985e-06
0.5	1.10865e-05	-3.03985e-06	1.00732e-05	-2.92064e-06
0.525	1.06097e-05	-2.98025e-06	9.59641e-06	-2.80143e-06
0.550000000000001	1.01925e-05	-2.98025e-06	9.11957e-06	-2.74183e-06
0.575000000000001	9.77522e-06	-2.98025e-06	8.58313e-06	-2.74183e-06
0.6	9.41759e-06	-2.98025e-06	8.16589e-06	-2.68222e-06
0.625	9.11957e-06	-2.98025e-06	7.74866e-06	-2.62262e-06
0.65	8.88115e-06	-2.92064e-06	7.45061e-06	-2.62262e-06
0.675000000000001	8.58313e-06	-2.86104e-06	7.09298e-06	-2.50341e-06
0.700000000000001	8.46392e-06	-2.68222e-06	6.85456e-06	-2.3842e-06
0.725	8.2255e-06	-2.68222e-06	6.67575e-06	-2.26499e-06
0.75	8.10629e-06	-2.62262e-06	6.43733e-06	-2.20539e-06
0.775	7.92748e-06	-2.50341e-06	6.25852e-06	-2.08618e-06
0.800000000000001	7.80827e-06	-2.4438e-06	6.0797e-06	-1.96697e-06
0.825000000000001	7.68906e-06	-2.3842e-06	5.96049e-06	-1.90736e-06
0.85	7.51021e-06	-2.3842e-06	5.78168e-06	-1.90736e-06
0.875	7.45061e-06	-2.3842e-06	5.66247e-06	-1.84775e-06
0.9	7.3314e-06	-2.3842e-06	5.54326e-06	-1.84775e-06
0.925000000000001	7.3314e-06	-2.26499e-06	5.48366e-06	-1.78815e-06
0.950000000000001	7.2718e-06	-2.3246e-06	5.42405e-06	-1.72854e-06
0.975	7.3314e-06	-2.14578e-06	5.42405e-06	-1.66894e-06
1	7.3314e-06	-2.14578e-06	5.36445e-06	-1.66894e-06
1.025	7.21219e-06	-2.26499e-06	5.24524e-06	-1.72854e-06
1.05	7.3314e-06	-2.3246e-06	5.24524e-06	-1.72854e-06
1.075	7.3314e-06	-2.3246e-06	5.24524e-06	-1.72854e-06
1.1	7.39101e-06	-2.3246e-06	5.24524e-06	-1.66894e-06
1.125	7.45061e-06	-2.3246e-06	5.24524e-06	-1.72854e-06
1.15	7.51021e-06	-2.4438e-06	5.36445e-06	-1.78815e-06
1.175	7.68906e-06	-2.4438e-06	5.36445e-06	-1.84775e-06
1.2	7.80827e-06	-2.50341e-06	5.42405e-06	-1.84775e-06
1.225	8.04669e-06	-2.62262e-06	5.54326e-06	-1.84775e-06
1.25	8.2851e-06	-2.68222e-06	5.72208e-06	-1.84775e-06
1.275	8.58313e-06	-2.68222e-06	5.78168e-06	-1.90736e-06
1.3	8.88115e-06	-2.80143e-06	5.96049e-06	-1.90736e-06
1.325	9.17917e-06	-2.86104e-06	6.0797e-06	-1.96697e-06
1.35	9.59641e-06	-2.98025e-06	6.25852e-06	-2.02657e-06
1.375	1.00136e-05	-3.15906e-06	6.43733e-06	-2.08618e-06
1.4	1.04309e-05	-3.33787e-06	6.61614e-06	-2.14578e-06
1.425	1.09673e-05	-3.39748e-06	6.85456e-06	-2.20539e-06
1.45	1.14442e-05	-3.6359e-06	6.97377e-06	-2.3246e-06
1.475	1.20402e-05	-3.87433e-06	7.21219e-06	-2.3842e-06
1.5	1.25766e-05	-4.11275e-06	7.39101e-06	-2.50341e-06
1.525	1.32919e-05	-4.41077e-06	7.62945e-06	-2.62262e-06
1.55	1.40071e-05	-4.7684e-06	7.92748e-06	-2.74183e-06
1.575	1.49012e-05	-5.00682e-06	8.16589e-06	-2.80143e-06
1.6	1.60338e-05	-5.06642e-06	8.52352e-06	-2.74183e-06
1.625	1.72259e-05	-5.12603e-06	8.94075e-06	-2.74183e-06
1.65	1.85968e-05	-5.24524e-06	9.29838e-06	-2.62262e-06
1.675	2.00273e-05	-5.48366e-06	9.59641e-06	-2.68222e-06
1.7	2.13982e-05	-5.90089e-06	9.77522e-06	-2.74183e-06
1.725	2.28287e-05	-6.43733e-06	1.00136e-05	-2.86104e-06
1.75	2.43784e-05	-7.03338e-06	1.02521e-05	-3.03985e-06
1.775	2.59281e-05	-7.68906e-06	1.04309e-05	-3.03985e-06
1.8	2.7299e-05	-8.2851e-06	1.04905e-05	-3.21867e-06
1.825	2.84315e-05	-8.88115e-06	1.04905e-05	-3.27827e-06
1.85	2.93256e-05	-9.41759e-06	1.04309e-05	-3.33787e-06
1.875	3.03389e-05	-9.95403e-06	1.03713e-05	-3.33787e-06
1.9	3.13523e-05	-1.02521e-05	1.03713e-05	-3.39748e-06
1.925	3.20079e-05	-1.06097e-05	1.02521e-05	-3.39748e-06
1.95	3.25444e-05	-1.07885e-05	1.02521e-05	-3.39748e-06
1.975	3.30212e-05	-1.06097e-05	1.01925e-05	-3.27827e-06
2	3.34384e-05	-1.03713e-05	1.01925e-05	-3.15906e-06
2.025	3.3498e-05	-1.02521e-05	1.01328e-05	-3.03985e-06
2.05	3.33788e-05	-1.00732e-05	1.00732e-05	-3.03985e-06
2.075	3.30212e-05	-9.95403e-06	1.00136e-05	-2.98025e-06
2.1	3.23656e-05	-9.71562e-06	9.95403e-06	-2.98025e-06
2.125	3.17099e-05	-9.41759e-06	9.89443e-06	-2.92064e-06
2.15	3.11735e-05	-8.94075e-06	9.89443e-06	-2.86104e-06
2.175	3.07562e-05	-8.58313e-06	9.89443e-06	-2.74183e-06
2.2	3.02197e-05	-8.2851e-06	9.83482e-06	-2.74183e-06
2.225	2.9862e-05	-7.92748e-06	9.83482e-06	-2.62262e-06
2.25	2.93256e-05	-7.68906e-06	9.89443e-06	-2.62262e-06
2.275	2.87296e-05	-7.39101e-06	9.89443e-06	-2.56301e-06
2.3	2.81931e-05	-7.09298e-06	9.89443e-06	-2.50341e-06
2.325	2.77163e-05	-6.91417e-06	9.89443e-06	-2.4438e-06
2.35	2.65242e-05	-7.80827e-06	9.65601e-06	-2.92064e-06
2.375	2.6107e-05	-7.39101e-06	9.77522e-06	-2.80143e-06
2.4	2.60473e-05	-6.67575e-06	9.95403e-06	-2.62262e-06
2.425	2.56897e-05	-6.13931e-06	1.00136e-05	-2.50341e-06
2.45	2.53321e-05	-5.90089e-06	1.01925e-05	-2.4438e-06
2.475	2.48553e-05	-5.84128e-06	1.02521e-05	-2.4438e-06
2.5	2.43188e-05	-5.90089e-06	1.03117e-05	-2.62262e-06
2.525	2.3842e-05	-5.96049e-06	1.03713e-05	-2.62262e-06
2.55	2.33651e-05	-5.96049e-06	1.04309e-05	-2.74183e-06
2.575	2.28883e-05	-5.96049e-06	1.05501e-05	-2.80143e-06
2.6	2.24711e-05	-5.96049e-06	1.06693e-05	-2.92064e-06
2.625	2.20538e-05	-5.90089e-06	1.08481e-05	-2.98025e-06
2.65	2.1875e-05	-5.78168e-06	1.10269e-05	-2.98025e-06
2.675	2.16962e-05	-5.60287e-06	1.12653e-05	-2.98025e-06
2.7	2.15174e-05	-5.42405e-06	1.15038e-05	-2.98025e-06
2.725	2.1279e-05	-5.36445e-06	1.16826e-05	-3.03985e-06
2.75	2.11598e-05	-5.18563e-06	1.19806e-05	-2.98025e-06
2.775	2.10406e-05	-5.00682e-06	1.2219e-05	-2.98025e-06
2.8	2.09213e-05	-4.88761e-06	1.2517e-05	-2.98025e-06
2.825	2.08617e-05	-4.88761e-06	1.27555e-05	-3.03985e-06
2.85	2.06829e-05	-5.00682e-06	1.29939e-05	-3.27827e-06
2.875	2.05637e-05	-5.30484e-06	1.31131e-05	-3.51669e-06
2.9	2.03849e-05	-5.60287e-06	1.32919e-05	-3.75511e-06
2.925	2.03849e-05	-5.78168e-06	1.34707e-05	-3.87433e-06
2.95	2.02657e-05	-6.0797e-06	1.35303e-05	-4.17235e-06
2.975	2.02061e-05	-6.37773e-06	1.35899e-05	-4.41077e-06
3	2.02657e-05	-6.61614e-06	1.37091e-05	-4.52998e-06
3.025	2.03253e-05	-6.97377e-06	1.37091e-05	-4.7684e-06
3.05	2.03849e-05	-7.2718e-06	1.36495e-05	-4.94721e-06
3.075	2.06233e-05	-7.51021e-06	1.37091e-05	-5.06642e-06
3.1	2.08617e-05	-7.80827e-06	1.37091e-05	-5.18563e-06
3.125	2.13386e-05	-7.98708e-06	1.37687e-05	-5.24524e-06
3.15	2.21134e-05	-7.80827e-06	1.39475e-05	-5.00682e-06
3.175	2.28883e-05	-7.80827e-06	1.41264e-05	-4.94721e-06
3.2	2.3544e-05	-7.86787e-06	1.42456e-05	-4.88761e-06
3.225	2.4438e-05	-7.98708e-06	1.44244e-05	-4.7684e-06
3.25	2.52725e-05	-8.34471e-06	1.4484e-05	-4.88761e-06
3.275	2.59281e-05	-9.00036e-06	1.44244e-05	-5.06642e-06
3.3	2.6703e-05	-9.4772e-06	1.43648e-05	-5.18563e-06
3.325	2.75971e-05	-1.01328e-05	1.43648e-05	-5.36445e-06
3.35	2.85507e-05	-1.07885e-05	1.43648e-05	-5.48366e-06
3.375	2.94448e-05	-1.13249e-05	1.42456e-05	-5.54326e-06
3.4	3.03389e-05	-1.20998e-05	1.40071e-05	-5.60287e-06
3.425	3.10543e-05	-1.29343e-05	1.38283e-05	-5.78168e-06
3.45	3.16503e-05	-1.36495e-05	1.35899e-05	-5.90089e-06
3.475	3.24848e-05	-1.42456e-05	1.35303e-05	-6.0201e-06
3.5	3.36769e-05	-1.45436e-05	1.33515e-05	-5.84128e-06
3.525	3.43921e-05	-1.53185e-05	1.30535e-05	-5.84128e-06
3.55	3.59418e-05	-1.56165e-05	1.28747e-05	-5.66247e-06
3.575	3.71935e-05	-1.62722e-05	1.25766e-05	-5.54326e-06
3.6	3.85048e-05	-1.75239e-05	1.20402e-05	-5.54326e-06
3.625	4.01142e-05	-1.88948e-05	1.16826e-05	-5.60287e-06
3.65	4.29156e-05	-1.97889e-05	1.1623e-05	-5.36445e-06
3.675	4.58362e-05	-2.02657e-05	1.15038e-05	-5.12603e-06
3.7	4.92337e-05	-2.09213e-05	1.15038e-05	-4.94721e-06
3.725	5.25119e-05	-2.22923e-05	1.13845e-05	-4.88761e-06
3.75	5.5671e-05	-2.39016e-05	1.13249e-05	-4.88761e-06
3.775	5.90684e-05	-2.53321e-05	1.13249e-05	-4.88761e-06
3.8	6.19893e-05	-2.58685e-05	1.13845e-05	-4.7684e-06
3.825	6.41947e-05	-2.58089e-05	1.14442e-05	-4.64919e-06
3.85	6.56848e-05	-2.49745e-05	1.17422e-05	-4.41077e-06
3.875	6.58636e-05	-2.3842e-05	1.19806e-05	-4.29156e-06
3.9	6.46715e-05	-2.23519e-05	1.20998e-05	-4.23196e-06
3.925	6.17509e-05	-2.08021e-05	1.22786e-05	-4.17235e-06
3.95	5.81744e-05	-1.86564e-05	1.23978e-05	-3.99354e-06
3.975	5.38232e-05	-1.59146e-05	1.28747e-05	-3.81473e-06
4	4.8876e-05	-1.37687e-05	1.32323e-05	-3.6955e-06
4.025	4.38096e-05	-1.22786e-05	1.33515e-05	-3.81473e-06
4.05	3.92201e-05	-1.12653e-05	1.35899e-05	-3.93394e-06
4.075	3.51074e-05	-1.02521e-05	1.37687e-05	-4.11275e-06
4.1	3.17099e-05	-9.17917e-06	1.40071e-05	-4.11275e-06
4.125	2.87296e-05	-8.40431e-06	1.43648e-05	-4.29156e-06
4.15	2.62858e-05	-7.74866e-06	1.46032e-05	-4.41077e-06
4.175	2.43188e-05	-7.15259e-06	1.49608e-05	-4.47038e-06
4.2	2.25307e-05	-6.61614e-06	1.53185e-05	-4.58959e-06
4.225	2.0981e-05	-6.25852e-06	1.56165e-05	-4.7684e-06
4.25	1.97293e-05	-6.0201e-06	1.59742e-05	-4.94721e-06
4.275	1.86564e-05	-5.48366e-06	1.65106e-05	-5.00682e-06
4.3	1.76431e-05	-5.18563e-06	1.69278e-05	-5.06642e-06
4.325	1.68086e-05	-5.00682e-06	1.73451e-05	-5.30484e-06
4.35	1.60934e-05	-4.82801e-06	1.77623e-05	-5.48366e-06
4.375	1.54973e-05	-4.58959e-06	1.82987e-05	-5.54326e-06
4.4	1.49608e-05	-4.35117e-06	1.89544e-05	-5.60287e-06
4.425	1.45436e-05	-4.17235e-06	1.961e-05	-5.78168e-06
4.45	1.41264e-05	-4.11275e-06	2.03253e-05	-6.0797e-06
4.475	1.38283e-05	-3.99354e-06	2.11598e-05	-6.25852e-06
4.5	1.34111e-05	-3.99354e-06	2.20538e-05	-6.61614e-06
4.525	1.31727e-05	-3.93394e-06	2.28883e-05	-6.91417e-06
4.55	1.28151e-05	-3.93394e-06	2.37824e-05	-7.51021e-06
4.575	1.25766e-05	-4.05314e-06	2.47956e-05	-7.98708e-06
4.6	1.24574e-05	-3.87433e-06	2.60473e-05	-8.34471e-06
4.625	1.23978e-05	-3.87433e-06	2.7299e-05	-8.70234e-06
4.65	1.22786e-05	-3.81473e-06	2.86103e-05	-8.88115e-06
4.675	1.23978e-05	-3.81473e-06	2.9564e-05	-9.17917e-06
4.7	1.23978e-05	-3.81473e-06	3.04581e-05	-9.41759e-06
4.725	1.25766e-05	-3.6955e-06	3.14119e-05	-9.35799e-06
4.75	1.27555e-05	-3.81473e-06	3.2306e-05	-9.71562e-06
4.775	1.30535e-05	-3.81473e-06	3.36769e-05	-1.00136e-05
4.8	1.32323e-05	-4.11275e-06	3.47497e-05	-1.09077e-05
4.825	1.35899e-05	-4.29156e-06	3.61803e-05	-1.1623e-05
4.85	1.41264e-05	-4.52998e-06	3.77896e-05	-1.21594e-05
4.875	1.46032e-05	-4.88761e-06	3.92201e-05	-1.31727e-05
4.9	1.52589e-05	-5.24524e-06	4.13659e-05	-1.43648e-05
4.925	1.59742e-05	-5.84128e-06	4.38096e-05	-1.6153e-05
4.95	1.69874e-05	-6.43733e-06	4.67899e-05	-1.78815e-05
4.975	1.81795e-05	-7.2718e-06	4.94721e-05	-1.97889e-05
5	2.01465e-05	-7.86787e-06	5.3108e-05	-2.05637e-05
5.025	2.2173e-05	-9.00036e-06	5.63266e-05	-2.27095e-05
5.05	2.46168e-05	-1.04905e-05	5.99029e-05	-2.52725e-05
5.075	2.80739e-05	-1.22786e-05	6.30622e-05	-2.7299e-05
5.1	3.11735e-05	-1.4484e-05	6.90226e-05	-3.15907e-05
5.125	3.23656e-05	-1.71663e-05	7.8321e-05	-4.10082e-05
5.15	3.27232e-05	-1.84776e-05	9.08379e-05	-5.06642e-05
5.175	3.26636e-05	-1.92524e-05	0.000100852	-5.86512e-05
5.2	3.38557e-05	-1.94908e-05	0.000105083	-5.95453e-05
5.225	3.50478e-05	-1.98485e-05	0.000108898	-6.0797e-05
5.25	3.6061e-05	-2.0981e-05	0.000118077	-6.76517e-05
5.275	3.69551e-05	-2.24711e-05	0.000136853	-8.22549e-05
5.3	3.78492e-05	-2.45572e-05	0.000155092	-9.93018e-05
5.325	3.93393e-05	-2.6703e-05	0.00017196	-0.000115216
5.35	4.13659e-05	-2.86103e-05	0.000203908	-0.00013888
5.375	4.39885e-05	-2.99813e-05	0.000219167	-0.000146807
5.4	4.70879e-05	-3.17695e-05	0.000206054	-0.000136138
5.425	5.01873e-05	-3.42133e-05	0.000199676	-0.000133098
5.45	5.35848e-05	-3.85048e-05	0.000205399	-0.000144065
5.475	5.78167e-05	-4.45249e-05	0.000224591	-0.000168086
5.5	6.48503e-05	-4.95317e-05	0.000231803	-0.000171662
5.525	7.27777e-05	-5.47769e-05	0.000215412	-0.000156404
5.55	7.98707e-05	-6.27046e-05	0.00022179	-0.000167192
5.575	8.601e-05	-7.28373e-05	0.000267746	-0.000216902
5.6	9.4295e-05	-8.16588e-05	0.000266554	-0.000219108
5.625	9.97786e-05	-8.67848e-05	0.000236393	-0.000194133
5.65	0.000104547	-9.47122e-05	0.000216425	-0.000184239
5.675	0.000108302	-0.000102401	0.000199498	-0.000176311
5.7	0.000118852	-0.000111282	0.000168682	-0.000147165
5.725	0.000121475	-0.000112594	0.000163318	-0.000140906
5.75	0.000125946	-0.000113249	0.000163914	-0.00013739
5.775	0.000133515	-0.000114441	0.000156523	-0.000124634
5.8	0.000138343	-0.000113786	0.00016141	-0.000123561
5.825	0.000136674	-0.00011009	0.000160874	-0.000120402
5.85	0.000132085	-9.94806e-05	0.000141204	-9.87058e-05
5.875	0.000124217	-9.38182e-05	0.000138045	-9.70964e-05
5.9	0.000118435	-8.92882e-05	0.00013137	-9.22089e-05
5.925	0.000115872	-8.67848e-05	0.000128509	-8.9467e-05
5.95	0.000110269	-8.52947e-05	0.000128568	-9.25069e-05
5.975	0.000103891	-8.25529e-05	0.000131429	-9.73945e-05
6	9.98382e-05	-8.20165e-05	0.000132919	-0.000101448
6.025	9.63812e-05	-8.14204e-05	0.000138999	-0.000109137
6.05	9.59043e-05	-8.26125e-05	0.000152112	-0.000121773
6.075	9.88846e-05	-8.32682e-05	0.000144781	-0.000111998
6.1	0.000100077	-8.30893e-05	0.00012976	-9.79905e-05
6.125	9.82885e-05	-8.30893e-05	0.00012374	-9.42354e-05
6.15	9.87058e-05	-8.35066e-05	0.000126124	-9.34009e-05
6.175	9.65004e-05	-8.48775e-05	0.00012219	-8.94074e-05
6.2	9.48911e-05	-8.38046e-05	0.000119091	-7.79037e-05
6.225	8.80365e-05	-8.58908e-05	0.000120461	-6.93207e-05
6.25	8.70829e-05	-8.63676e-05	0.000123204	-6.49099e-05
6.275	8.81557e-05	-8.52351e-05	0.000136317	-6.82478e-05
6.3	9.29241e-05	-8.51159e-05	0.000148893	-7.73077e-05
6.325	9.00631e-05	-8.73809e-05	0.000170053	-8.64868e-05
6.35	8.28509e-05	-8.67848e-05	0.00018257	-8.72617e-05
6.375	7.56388e-05	-9.22089e-05	0.000175894	-7.84998e-05
6.4	8.67848e-05	-0.000101626	0.000166715	-8.38642e-05
6.425	9.48315e-05	-0.000103832	0.000179947	-9.98979e-05
6.45	8.4043e-05	-0.000109196	0.000222267	-0.000118494
6.475	7.12876e-05	-0.000111402	0.000235678	-0.000123561
6.5	5.81148e-05	-0.000110507	0.000242055	-0.000122608
6.525	5.36445e-06	-0.000100971	0.000304999	-0.000153125
6.55	2.7299e-05	-0.00010413	0.000266792	-0.000160755
6.575	-1.02521e-05	-9.98382e-05	0.000310125	-0.00019616
6.6	-0.000116647	-3.03389e-05	0.000433149	-0.000284733
6.625	-0.000107706	-5.79359e-05	0.000456097	-0.000320734
6.65	-7.92746e-05	-7.94535e-05	0.000479402	-0.000373425
6.675	-1.6451e-05	-9.55467e-05	0.000484766	-0.000474991
6.7	-5.37636e-05	-9.50699e-05	0.000551645	-0.000580255
6.725	-0.000144781	-0.000108183	0.000646714	-0.000614945
6.75	-0.000167013	-5.09026e-05	0.000724379	-0.000898186
6.775	-6.10952e-05	-0.000386657	0.000438334	-0.0010922
6.8	-0.000217796	-0.00049806	0.000387372	-0.0010922
6.825	-0.000227631	-0.000409128	0.000678901	-0.000809494
6.85	-0.000254156	-0.000567619	0.000615839	-0.00073326
6.875	-9.60235e-05	-0.00051165	0.00041038	-0.00067139
6.9	-8.34471e-06	-0.000574056	0.000316026	-0.000414791
6.925	5.71015e-05	-0.0010922	4.39885e-05	-4.48229e-05
6.95	-0.000158132	-0.0010922	1.94908e-05	-1.99677e-05
6.975	-0.000189365	-0.0010922	1.40668e-05	-1.56165e-05
7	-5.99029e-05	-0.0010922	1.2219e-05	-1.23382e-05
7.025	0.000151993	-0.000763599	1.12653e-05	-8.04669e-06
7.05	0.00013888	-0.000570063	1.05501e-05	-1.06693e-05
7.075	-7.73077e-05	-0.0010922	9.77522e-06	-8.70234e-06
7.1	-0.000160993	-0.0010922	9.11957e-06	-1.06693e-05
7.125	-0.000176073	-0.0010922	9.4772e-06	-1.14442e-05
7.15	-4.42865e-05	-0.0010922	1.03117e-05	-9.65601e-06
7.175	6.21085e-05	-0.0010922	1.08481e-05	-9.23878e-06
7.2	8.8871e-05	-0.0010922	1.12057e-05	-8.2851e-06
7.225	0.000212372	-0.000921253	1.18018e-05	-6.73535e-06
7.25	0.000205816	-0.000939373	1.32323e-05	-6.37773e-06
7.275	0.000158967	-0.000938896	1.49608e-05	-8.34471e-06
7.3	0.000133754	-0.000962321	1.60338e-05	-9.41759e-06
7.325	-4.78032e-05	-0.0010922	1.53185e-05	-1.16826e-05
7.35	-4.06506e-05	-0.0010922	1.31131e-05	-1.04905e-05
7.375	-0.000130237	-0.0010922	1.14442e-05	-1.03117e-05
7.4	-0.000479283	-0.0010922	1.00732e-05	-1.05501e-05
7.425	-0.000274243	-0.0010922	1.00136e-05	-9.65601e-06
7.45	-0.000355246	-0.0010922	9.23878e-06	-9.65601e-06
7.475	-0.000321152	-0.0010922	9.05996e-06	-8.2851e-06
7.5	-0.000305535	-0.0010922	8.10629e-06	-9.83482e-06
7.525	-0.000118673	-0.0010922	6.37773e-06	-3.75511e-06
7.55	8.75597e-05	-0.0010922	4.88761e-06	-4.7684e-06
7.575	0.000342669	-0.000642065	3.99354e-06	-3.45708e-06
7.6	0.000412764	-0.000489358	3.39748e-06	-3.21867e-06
7.625	0.000236512	-0.0010922	3.09946e-06	-2.98025e-06
7.65	0.00030637	-0.0010922	2.98025e-06	-2.3246e-06
7.675	0.0003863	-0.0010922	2.92064e-06	-2.4438e-06
7.7	0.000107348	-0.0010922	2.3842e-06	-2.62262e-06
7.725	-2.36036e-05	-0.0010922	2.14578e-06	-2.3246e-06
7.75	0.000618462	-0.000779036	2.68222e-06	-1.66894e-06
7.775	0.000634674	-0.000983067	2.62262e-06	-1.66894e-06
7.8	0.000452699	-0.000355782	2.56301e-06	-1.37091e-06
7.825	0.00018704	-0.000100554	2.3246e-06	-1.07289e-06
7.85	8.48775e-05	-3.68955e-05	2.26499e-06	-9.53682e-07
7.875	4.97105e-05	-2.3544e-05	2.08618e-06	-1.07289e-06
7.9	3.39749e-05	-1.63914e-05	2.02657e-06	-1.01329e-06
7.925	2.6107e-05	-1.20402e-05	1.96697e-06	-1.01329e-06
7.95	1.97889e-05	-1.02521e-05	1.78815e-06	-1.01329e-06
7.975	1.71663e-05	-8.10629e-06	1.84775e-06	-9.53682e-07
8	1.508e-05	-6.97377e-06	1.84775e-06	-9.53682e-07
